2139	1
0	0	51	1
1	1	189	51
2	1	6	6
3	1	175	1
4	1	170	2
5	1	192	43
6	1	191	15
7	1	188	4
8	1	187	6
9	1	181	2
10	1	200	1
11	1	171	1
12	2	269	51
13	2	267	1
14	2	268	2
15	2	305	1
16	3	437	45
17	3	333	3
18	3	436	13
19	3	332	8
20	3	97	2
21	3	167	5
22	3	252	10
23	3	348	21
24	3	34	17
25	3	313	32
26	3	165	55
27	3	363	2
28	3	356	5
29	3	166	16
30	3	435	5
31	3	322	1
32	3	346	3
33	3	343	5
34	3	33	3
35	3	337	3
36	3	274	1
37	3	281	2
38	3	470	1
39	4	389	3
40	4	350	13
41	4	419	3
42	4	323	18
43	4	388	7
44	4	354	66
45	4	127	12
46	4	353	8
47	4	404	1
48	4	410	1
49	4	349	2
50	4	309	3
51	4	175	3
52	4	319	2
53	4	391	1
54	4	302	1
55	4	500	1
56	4	412	1
57	5	300	34
58	5	307	2
59	5	416	42
60	5	407	37
61	5	109	13
62	5	306	2
63	5	438	11
64	5	8	5
65	5	440	5
66	5	7	3
67	5	408	1
68	5	168	1
69	5	312	1
70	6	54	1
71	6	187	16
72	6	182	33
73	6	196	30
74	6	181	34
75	6	195	1
76	6	234	8
77	6	233	3
78	6	13	1
79	6	246	1
80	6	1	1
81	6	173	1
82	6	186	1
83	6	225	1
84	6	103	1
85	7	440	45
86	7	260	22
87	7	445	91
88	7	444	4
89	7	438	10
90	7	385	1
91	8	407	23
92	8	416	14
93	8	438	8
94	8	148	3
95	8	7	12
96	8	260	1
97	9	10	1
98	9	15	1
99	11	10	3
100	11	19	1
101	12	22	1
102	13	219	41
103	13	196	1
104	14	15	9
105	14	149	4
106	14	157	5
107	14	159	2
108	14	160	1
109	14	158	1
110	14	58	1
111	15	160	2
112	15	14	11
113	15	157	4
114	15	146	7
115	15	159	2
116	15	74	1
117	15	118	1
118	15	158	1
119	15	124	2
120	15	125	4
121	15	149	1
122	15	138	1
123	16	12	2
124	17	19	1
125	17	20	2
126	18	19	1
127	20	226	1
128	20	194	1
129	21	11	5
130	21	9	2
131	21	18	1
132	22	23	5
133	22	21	1
134	23	36	5
135	25	33	11
136	25	308	13
137	25	462	32
138	25	449	116
139	25	425	21
140	25	426	23
141	25	395	6
142	25	415	5
143	25	490	1
144	25	429	5
145	25	504	2
146	25	3	1
147	25	434	1
148	25	242	10
149	25	34	2
150	26	451	129
151	26	458	3
152	26	299	17
153	27	35	5
154	27	62	1
155	28	22	2
156	28	27	6
157	29	28	8
158	30	29	6
159	31	66	4
160	33	34	7
161	33	434	55
162	33	3	24
163	33	252	35
164	33	435	23
165	33	437	3
166	33	165	2
167	33	436	3
168	34	3	149
169	34	313	15
170	34	165	20
171	34	437	3
172	34	166	15
173	34	436	14
174	34	167	1
175	34	346	1
176	34	435	1
177	34	281	1
178	35	37	2
179	35	147	3
180	36	147	5
181	37	40	8
182	38	39	8
183	40	41	8
184	41	42	8
185	42	38	8
186	43	63	5
187	43	60	2
188	44	216	80
189	44	244	3
190	44	1	3
191	44	240	1
192	44	200	1
193	44	189	4
194	44	209	25
195	44	208	1
196	44	243	3
197	44	220	1
198	45	164	2
199	45	163	1
200	45	78	1
201	45	79	1
202	45	57	2
203	45	9	1
204	46	50	5
205	48	45	7
206	49	48	7
207	50	52	6
208	51	49	7
209	52	51	6
210	53	60	4
211	55	186	1
212	55	235	1
213	55	294	1
214	55	247	1
215	56	21	6
216	57	56	9
217	58	59	1
218	58	107	1
219	58	110	1
220	59	43	4
221	60	63	6
222	62	162	3
223	62	164	3
224	62	161	2
225	62	37	5
226	63	62	12
227	64	159	1
228	65	138	1
229	65	107	1
230	65	73	1
231	66	73	1
232	68	152	3
233	68	151	2
234	68	141	1
235	68	61	1
236	69	65	4
237	70	268	1
238	70	290	1
239	70	280	2
240	70	267	1
241	71	156	6
242	72	111	2
243	72	73	1
244	72	112	1
245	73	101	1
246	73	66	2
247	74	138	2
248	74	133	1
249	74	132	2
250	75	132	1
251	75	159	3
252	75	74	1
253	75	149	1
254	76	57	3
255	77	82	8
256	77	83	5
257	78	79	10
258	78	14	1
259	79	75	9
260	79	73	1
261	80	59	1
262	80	43	1
263	80	144	1
264	80	92	1
265	81	77	13
266	81	76	3
267	81	57	2
268	82	83	8
269	83	84	13
270	83	78	2
271	84	69	4
272	84	78	8
273	85	59	1
274	85	117	1
275	85	139	1
276	86	81	17
277	86	37	1
278	86	83	2
279	87	90	19
280	87	88	1
281	87	86	2
282	87	91	2
283	88	86	19
284	88	81	1
285	88	57	1
286	89	87	23
287	90	91	20
288	91	88	21
289	91	86	1
290	91	57	1
291	92	80	2
292	92	131	2
293	92	58	1
294	92	144	1
295	93	94	24
296	93	87	1
297	94	89	23
298	94	87	1
299	95	96	24
300	95	93	1
301	96	93	24
302	97	98	20
303	98	95	25
304	99	145	20
305	99	156	3
306	99	314	4
307	100	520	1
308	100	314	2
309	100	99	23
310	100	539	1
311	100	156	3
312	101	74	1
313	101	112	1
314	101	111	2
315	101	32	3
316	102	104	6
317	102	105	33
318	104	100	30
319	104	314	2
320	104	156	3
321	104	99	4
322	104	515	1
323	105	104	33
324	106	111	2
325	106	108	3
326	106	117	1
327	107	110	3
328	107	123	2
329	107	106	1
330	107	117	1
331	107	85	1
332	108	111	6
333	108	32	1
334	108	112	1
335	108	117	2
336	108	72	1
337	108	47	2
338	109	5	28
339	109	300	13
340	110	123	1
341	110	107	4
342	110	113	1
343	110	117	1
344	111	47	3
345	111	112	4
346	111	66	2
347	111	108	1
348	111	113	1
349	112	47	3
350	112	73	1
351	112	113	1
352	113	122	2
353	113	66	1
354	113	72	1
355	113	112	1
356	115	106	4
357	115	108	4
358	115	131	1
359	115	47	1
360	116	74	1
361	116	157	1
362	116	118	2
363	116	134	1
364	117	123	2
365	117	72	3
366	117	122	1
367	117	110	2
368	117	114	1
369	118	132	2
370	118	58	1
371	118	143	1
372	118	139	1
373	118	53	1
374	118	110	1
375	119	120	2
376	119	146	5
377	120	149	2
378	120	14	2
379	121	153	4
380	121	228	2
381	121	189	1
382	122	123	2
383	122	132	1
384	123	122	4
385	123	113	2
386	124	125	1
387	124	15	1
388	125	15	3
389	126	237	2
390	126	171	1
391	126	121	3
392	126	231	1
393	126	172	1
394	126	228	1
395	127	173	1
396	127	126	16
397	127	170	3
398	127	175	2
399	127	214	1
400	127	172	1
401	128	4	144
402	129	128	125
403	129	127	5
404	129	4	1
405	130	129	132
406	130	128	13
407	130	127	5
408	130	4	1
409	131	80	1
410	131	137	5
411	131	138	1
412	131	144	2
413	131	92	1
414	132	143	8
415	132	138	1
416	132	139	2
417	132	118	2
418	133	64	1
419	133	110	2
420	133	47	1
421	134	58	1
422	134	118	1
423	134	64	1
424	134	110	2
425	134	138	1
426	135	186	3
427	135	171	1
428	135	173	1
429	135	6	2
430	136	138	1
431	136	159	1
432	136	92	2
433	136	110	1
434	137	140	2
435	137	134	1
436	137	136	1
437	137	144	1
438	137	64	1
439	138	139	3
440	138	140	6
441	138	133	4
442	138	92	1
443	139	59	1
444	139	136	1
445	139	144	2
446	139	29	1
447	139	140	1
448	139	132	1
449	139	143	1
450	140	131	1
451	140	137	1
452	140	92	1
453	141	142	38
454	143	134	1
455	143	92	1
456	143	139	3
457	143	14	1
458	143	136	2
459	143	132	1
460	143	138	1
461	143	117	1
462	143	110	1
463	144	136	1
464	144	138	3
465	144	139	7
466	144	134	1
467	144	143	3
468	144	132	1
469	145	156	16
470	145	515	1
471	145	539	2
472	145	314	1
473	146	149	2
474	146	15	9
475	146	14	2
476	146	120	1
477	147	164	6
478	147	163	2
479	148	8	24
480	148	109	1
481	149	146	2
482	149	15	8
483	149	157	2
484	149	120	2
485	149	14	1
486	150	34	1
487	150	470	1
488	150	476	5
489	150	464	1
490	150	471	1
491	151	152	29
492	151	141	3
493	152	141	34
494	153	303	1
495	153	155	6
496	153	154	1
497	153	386	2
498	154	378	3
499	154	303	10
500	154	402	2
501	154	386	2
502	155	154	17
503	155	401	1
504	155	386	1
505	156	515	1
506	156	314	3
507	156	148	23
508	156	168	1
509	156	5	2
510	156	406	3
511	156	109	1
512	157	160	5
513	157	15	2
514	157	53	3
515	157	149	1
516	157	159	2
517	157	74	1
518	158	14	3
519	159	149	6
520	159	158	5
521	159	14	2
522	159	157	2
523	159	53	1
524	160	159	5
525	160	14	1
526	160	158	2
527	161	215	20
528	161	253	1
529	162	161	16
530	163	162	12
531	163	161	4
532	163	253	1
533	164	163	13
534	165	313	31
535	165	166	88
536	165	97	1
537	165	34	32
538	165	3	4
539	166	167	87
540	166	3	5
541	166	313	16
542	166	346	1
543	166	34	1
544	166	356	1
545	166	343	2
546	166	97	1
547	166	281	3
548	166	275	1
549	166	322	1
550	167	281	1
551	167	3	8
552	167	348	62
553	167	322	6
554	167	343	3
555	167	97	11
556	167	332	10
557	167	363	1
558	167	98	1
559	167	362	1
560	167	337	1
561	167	333	1
562	167	356	2
563	168	109	24
564	168	5	10
565	169	175	6
566	169	1	1
567	169	174	23
568	169	170	3
569	170	172	34
570	170	6	18
571	170	173	1
572	170	187	1
573	170	171	5
574	172	173	31
575	172	171	6
576	172	224	1
577	173	171	36
578	174	175	25
579	175	170	35
580	175	173	1
581	175	1	3
582	175	6	4
583	175	171	1
584	176	151	19
585	177	194	3
586	177	203	3
587	177	212	2
588	177	205	3
589	177	204	3
590	178	224	23
591	178	223	6
592	178	236	1
593	178	294	1
594	178	297	1
595	178	235	1
596	178	172	1
597	179	178	34
598	179	224	11
599	179	223	1
600	179	235	3
601	179	6	1
602	179	204	1
603	179	236	2
604	180	179	45
605	180	103	2
606	180	235	1
607	180	223	1
608	180	172	1
609	181	6	17
610	181	196	32
611	181	234	2
612	182	13	40
613	183	186	45
614	184	180	22
615	185	180	16
616	185	179	3
617	185	235	3
618	185	54	1
619	186	298	1
620	186	203	7
621	186	194	73
622	186	212	3
623	186	204	9
624	186	228	3
625	186	205	6
626	186	235	4
627	186	225	1
628	186	501	1
629	187	233	1
630	187	6	50
631	187	196	2
632	187	181	2
633	187	234	2
634	187	182	7
635	187	13	1
636	187	54	1
637	187	103	2
638	188	170	11
639	188	187	45
640	188	181	13
641	188	6	34
642	189	192	34
643	189	1	54
644	189	188	3
645	189	191	11
646	189	170	2
647	189	6	1
648	189	187	1
649	190	237	1
650	190	186	58
651	190	212	2
652	190	194	3
653	190	203	1
654	190	228	1
655	191	188	96
656	191	170	3
657	191	6	3
658	192	191	76
659	192	170	1
660	194	236	3
661	194	204	66
662	194	203	6
663	194	228	3
664	194	230	1
665	194	250	1
666	194	212	2
667	195	234	61
668	195	232	2
669	195	233	3
670	196	195	65
671	197	206	12
672	197	222	1
673	197	211	12
674	198	190	64
675	198	177	11
676	198	204	1
677	198	194	1
678	199	198	76
679	199	190	1
680	199	177	2
681	200	1	50
682	200	189	44
683	201	183	45
684	202	193	36
685	202	44	1
686	203	212	107
687	204	205	79
688	204	203	1
689	204	155	3
690	204	217	2
691	205	203	88
692	206	197	69
693	206	211	1
694	206	207	1
695	207	206	60
696	207	197	25
697	207	222	1
698	208	200	90
699	208	1	5
700	208	189	3
701	208	239	1
702	208	297	1
703	209	153	3
704	209	296	6
705	209	1	11
706	209	208	96
707	209	200	1
708	209	402	1
709	209	410	1
710	210	201	43
711	211	222	77
712	211	227	5
713	211	213	2
714	211	226	1
715	212	214	108
716	212	228	2
717	212	237	2
718	212	231	2
719	213	210	38
720	213	199	50
721	213	190	1
722	213	198	1
723	213	201	1
724	214	228	96
725	214	237	5
726	214	250	2
727	214	238	3
728	214	230	1
729	214	251	1
730	215	256	4
731	215	253	17
732	216	209	87
733	216	189	3
734	216	44	20
735	216	1	4
736	216	200	1
737	216	208	1
738	217	247	51
739	217	386	1
740	217	297	1
741	217	298	1
742	218	202	33
743	218	241	2
744	218	221	2
745	218	193	2
746	219	232	40
747	219	229	1
748	220	244	2
749	220	221	56
750	220	240	9
751	220	243	1
752	221	240	76
753	221	220	8
754	221	244	2
755	221	208	1
756	222	227	90
757	222	211	4
758	222	213	1
759	222	226	3
760	223	236	31
761	223	217	1
762	223	235	3
763	223	386	1
764	223	499	1
765	223	317	1
766	223	247	1
767	223	204	1
768	224	223	34
769	224	419	1
770	224	155	1
771	224	204	2
772	224	217	1
773	224	236	3
774	225	247	4
775	225	217	16
776	225	302	1
777	226	213	85
778	226	199	26
779	226	210	4
780	226	203	1
781	226	201	1
782	227	226	100
783	227	222	2
784	227	213	2
785	228	230	104
786	228	237	2
787	228	238	1
788	229	246	102
789	229	206	1
790	229	232	5
791	229	207	1
792	230	231	100
793	230	237	6
794	230	238	1
795	231	237	102
796	232	229	62
797	232	246	14
798	232	239	1
799	232	245	2
800	232	207	1
801	233	229	47
802	233	232	31
803	234	233	71
804	234	232	2
805	235	225	17
806	235	297	1
807	235	247	2
808	235	217	1
809	235	519	1
810	236	217	34
811	236	235	6
812	236	155	1
813	236	298	1
814	236	225	1
815	236	386	1
816	237	238	120
817	238	250	109
818	238	251	9
819	238	249	3
820	239	207	85
821	239	206	7
822	239	197	5
823	240	244	94
824	240	44	1
825	240	221	1
826	240	243	4
827	241	218	87
828	241	202	2
829	242	395	2
830	242	261	1
831	242	426	1
832	243	44	83
833	243	296	1
834	243	216	33
835	243	209	2
836	244	243	105
837	244	44	8
838	244	208	1
839	244	216	2
840	244	240	2
841	245	239	105
842	245	197	2
843	245	207	1
844	245	206	1
845	245	17	1
846	246	245	110
847	246	206	1
848	246	239	1
849	246	207	1
850	247	296	29
851	247	302	4
852	247	298	8
853	247	297	3
854	247	155	3
855	247	309	5
856	247	390	1
857	247	419	1
858	247	446	1
859	248	241	80
860	248	218	4
861	248	240	1
862	249	248	101
863	249	241	7
864	250	251	111
865	250	241	1
866	251	249	114
867	251	218	4
868	251	241	1
869	252	3	14
870	252	34	5
871	252	165	2
872	253	258	15
873	253	256	2
874	253	257	2
875	254	259	17
876	255	254	23
877	256	255	22
878	257	256	15
879	258	257	13
880	258	256	1
881	259	379	4
882	259	375	2
883	259	351	1
884	259	281	1
885	259	316	2
886	259	380	1
887	259	274	2
888	260	440	25
889	260	7	33
890	260	385	8
891	260	445	8
892	260	447	2
893	260	448	1
894	260	444	1
895	261	490	12
896	261	409	2
897	261	429	1
898	261	382	3
899	261	395	1
900	261	505	1
901	261	426	1
902	261	504	1
903	262	175	4
904	262	121	4
905	262	276	6
906	262	126	2
907	262	169	2
908	262	279	1
909	262	170	2
910	262	278	1
911	262	172	1
912	263	3	35
913	263	468	6
914	263	337	1
915	263	364	2
916	263	465	1
917	263	474	1
918	264	263	48
919	264	337	1
920	264	465	2
921	264	464	1
922	265	264	43
923	265	474	1
924	265	468	1
925	265	3	1
926	266	265	47
927	266	264	2
928	266	263	1
929	267	270	58
930	268	267	55
931	269	268	52
932	270	273	58
933	271	496	18
934	271	492	2
935	271	506	2
936	271	535	1
937	271	176	1
938	271	407	1
939	271	457	4
940	271	520	1
941	271	515	1
942	271	491	2
943	271	498	1
944	271	151	2
945	271	537	2
946	271	536	1
947	272	264	7
948	272	266	49
949	272	263	1
950	273	272	58
951	274	275	30
952	274	281	2
953	274	282	2
954	275	281	31
955	276	169	23
956	276	175	1
957	276	172	1
958	277	271	39
959	277	7	1
960	277	288	5
961	277	68	1
962	277	456	1
963	277	506	1
964	277	416	1
965	277	536	1
966	278	228	2
967	278	169	2
968	278	237	1
969	278	279	22
970	278	230	1
971	278	175	1
972	278	174	1
973	279	172	1
974	279	276	20
975	279	169	2
976	279	248	1
977	279	175	1
978	280	277	50
979	280	271	2
980	280	288	3
981	281	282	51
982	282	285	54
983	283	284	54
984	284	287	49
985	284	289	2
986	284	290	2
987	284	280	1
988	285	286	54
989	286	283	54
990	287	289	43
991	287	67	1
992	287	280	2
993	287	290	3
994	288	460	1
995	288	438	5
996	289	290	38
997	289	280	7
998	290	280	44
999	291	292	37
1000	291	262	7
1001	291	293	2
1002	291	175	1
1003	292	174	1
1004	292	293	34
1005	292	278	4
1006	293	278	25
1007	293	169	2
1008	293	262	8
1009	293	1	1
1010	294	302	54
1011	295	294	36
1012	296	297	25
1013	296	298	12
1014	296	302	1
1015	296	294	2
1016	296	499	1
1017	297	519	1
1018	297	295	34
1019	297	294	12
1020	297	317	1
1021	298	297	18
1022	298	295	2
1023	298	413	1
1024	298	294	2
1025	298	302	1
1026	300	307	16
1027	300	306	27
1028	300	305	3
1029	300	304	3
1030	301	299	11
1031	302	309	61
1032	302	410	1
1033	304	2	3
1034	304	305	35
1035	305	2	48
1036	305	269	1
1037	306	307	29
1038	306	2	1
1039	306	305	1
1040	307	304	35
1041	307	305	9
1042	307	67	2
1043	307	2	3
1044	309	315	57
1045	309	455	2
1046	309	446	2
1047	309	500	1
1048	309	419	2
1049	309	418	1
1050	309	421	2
1051	309	499	1
1052	309	524	1
1053	309	459	2
1054	310	291	42
1055	310	262	3
1056	311	310	35
1057	311	169	1
1058	312	5	7
1059	312	307	2
1060	312	306	2
1061	312	300	2
1062	313	167	18
1063	313	348	3
1064	313	3	11
1065	313	343	50
1066	313	346	9
1067	313	337	2
1068	313	347	4
1069	313	333	1
1070	313	166	1
1071	313	339	1
1072	314	520	1
1073	314	539	6
1074	314	515	6
1075	314	535	1
1076	314	538	1
1077	314	537	2
1078	315	519	1
1079	315	317	44
1080	315	446	2
1081	315	524	2
1082	315	459	6
1083	315	455	1
1084	315	421	1
1085	316	351	78
1086	316	468	4
1087	316	465	1
1088	317	519	7
1089	317	500	5
1090	317	522	1
1091	317	455	6
1092	317	481	4
1093	317	499	5
1094	317	459	9
1095	317	524	6
1096	317	523	1
1097	318	388	80
1098	318	419	1
1099	319	318	78
1100	319	446	1
1101	319	419	1
1102	319	388	1
1103	320	330	1
1104	320	327	42
1105	320	329	6
1106	320	336	4
1107	320	380	1
1108	321	311	36
1109	321	262	3
1110	321	291	2
1111	321	310	7
1112	321	400	1
1113	321	403	1
1114	322	326	67
1115	322	341	15
1116	322	344	1
1117	322	338	2
1118	323	388	1
1119	323	419	2
1120	323	319	77
1121	323	459	3
1122	323	410	1
1123	323	446	2
1124	323	318	1
1125	323	309	1
1126	323	455	1
1127	324	352	1
1128	324	326	5
1129	324	325	56
1130	324	342	1
1131	324	341	3
1132	325	341	56
1133	325	326	1
1134	325	342	1
1135	326	341	75
1136	326	338	1
1137	327	329	42
1138	328	322	82
1139	329	336	62
1140	330	324	61
1141	330	341	2
1142	331	364	55
1143	331	474	6
1144	331	281	3
1145	331	473	1
1146	331	351	1
1147	331	469	1
1148	332	328	80
1149	332	322	17
1150	333	332	62
1151	334	330	55
1152	334	324	1
1153	334	326	1
1154	335	331	70
1155	335	282	1
1156	336	335	72
1157	336	331	1
1158	337	339	81
1159	338	344	42
1160	338	345	81
1161	339	340	63
1162	339	334	18
1163	339	324	1
1164	339	325	1
1165	339	330	1
1166	339	332	1
1167	340	334	41
1168	340	322	4
1169	340	326	8
1170	340	330	5
1171	340	324	4
1172	340	341	1
1173	341	338	41
1174	341	342	100
1175	341	344	1
1176	342	338	97
1177	343	346	57
1178	343	337	3
1179	343	339	1
1180	345	344	10
1181	346	347	61
1182	346	337	9
1183	346	339	1
1184	347	337	61
1185	347	339	4
1186	348	97	5
1187	348	333	4
1188	348	356	50
1189	348	322	4
1190	348	362	2
1191	348	363	8
1192	348	332	8
1193	348	325	1
1194	349	323	38
1195	349	393	1
1196	349	419	1
1197	349	388	1
1198	350	349	37
1199	350	388	1
1200	350	323	8
1201	351	364	84
1202	351	470	1
1203	351	468	1
1204	351	464	1
1205	351	469	1
1206	352	359	93
1207	352	364	1
1208	352	384	3
1209	352	274	3
1210	352	316	3
1211	352	379	1
1212	352	468	1
1213	353	323	17
1214	353	4	1
1215	353	319	2
1216	353	350	27
1217	353	318	2
1218	353	419	1
1219	353	388	2
1220	353	393	2
1221	353	349	2
1222	353	402	1
1223	354	353	48
1224	354	350	7
1225	354	323	8
1226	354	388	1
1227	354	309	1
1228	354	391	1
1229	355	360	50
1230	355	336	1
1231	355	329	2
1232	356	363	43
1233	356	333	5
1234	356	325	1
1235	356	332	6
1236	356	322	2
1237	357	361	53
1238	357	360	52
1239	357	355	42
1240	357	359	1
1241	357	352	8
1242	357	329	2
1243	358	357	114
1244	359	374	40
1245	359	383	35
1246	359	364	2
1247	359	351	3
1248	359	384	13
1249	359	281	2
1250	359	316	5
1251	359	274	2
1252	359	380	4
1253	359	379	2
1254	359	375	1
1255	360	352	20
1256	360	320	54
1257	360	375	1
1258	360	359	12
1259	360	329	7
1260	360	336	2
1261	360	364	2
1262	360	384	2
1263	360	316	3
1264	361	352	64
1265	361	320	1
1266	362	333	39
1267	362	332	2
1268	363	332	3
1269	363	362	41
1270	363	333	8
1271	363	379	1
1272	363	328	1
1273	364	474	17
1274	364	468	85
1275	364	469	35
1276	364	470	1
1277	364	490	2
1278	364	472	1
1279	364	465	1
1280	364	464	1
1281	364	473	1
1282	365	358	112
1283	365	357	21
1284	365	355	4
1285	365	336	1
1286	365	329	2
1287	365	316	1
1288	366	361	8
1289	366	352	6
1290	366	357	8
1291	366	98	1
1292	366	358	1
1293	366	365	1
1294	366	375	1
1295	366	316	1
1296	367	373	103
1297	367	377	1
1298	367	394	1
1299	368	369	39
1300	368	321	8
1301	368	377	1
1302	368	310	1
1303	368	292	2
1304	368	402	1
1305	368	291	1
1306	369	321	38
1307	369	396	1
1308	370	371	77
1309	370	367	2
1310	371	373	2
1311	371	367	37
1312	371	372	42
1313	371	376	1
1314	371	396	1
1315	372	367	42
1316	373	376	96
1317	373	396	1
1318	373	400	1
1319	373	402	1
1320	373	377	6
1321	373	394	1
1322	374	375	3
1323	374	383	8
1324	374	384	18
1325	374	274	6
1326	374	468	2
1327	374	316	1
1328	375	364	2
1329	375	380	20
1330	375	379	25
1331	375	316	7
1332	375	351	2
1333	375	274	3
1334	376	377	96
1335	376	396	1
1336	376	401	1
1337	376	262	1
1338	376	386	1
1339	377	387	20
1340	377	381	65
1341	377	400	1
1342	377	394	7
1343	377	402	3
1344	377	396	4
1345	377	397	3
1346	377	386	4
1347	377	303	2
1348	377	401	1
1349	378	303	106
1350	379	380	27
1351	379	468	1
1352	379	281	1
1353	379	274	1
1354	379	316	5
1355	380	281	3
1356	380	316	47
1357	380	274	3
1358	380	351	2
1359	380	364	1
1360	381	387	62
1361	381	400	1
1362	381	397	1
1363	381	396	1
1364	383	384	41
1365	383	351	1
1366	383	375	1
1367	383	364	1
1368	384	379	3
1369	384	316	4
1370	384	375	50
1371	384	468	2
1372	384	351	1
1373	384	274	14
1374	384	380	2
1375	384	364	2
1376	385	475	15
1377	385	515	3
1378	385	457	3
1379	385	496	2
1380	385	68	2
1381	385	312	2
1382	385	260	1
1383	385	141	1
1384	385	495	1
1385	385	460	1
1386	385	456	3
1387	386	303	33
1388	386	378	99
1389	386	127	1
1390	387	394	61
1391	387	386	2
1392	387	396	13
1393	387	402	4
1394	387	400	3
1395	387	303	1
1396	388	446	3
1397	388	393	83
1398	388	390	3
1399	388	389	1
1400	388	421	1
1401	388	533	1
1402	388	391	2
1403	389	414	67
1404	389	459	1
1405	389	412	16
1406	389	446	1
1407	389	419	2
1408	389	413	1
1409	389	500	1
1410	389	531	1
1411	390	389	78
1412	391	390	73
1413	391	389	2
1414	391	446	1
1415	392	391	36
1416	392	390	1
1417	392	533	1
1418	393	389	6
1419	393	392	38
1420	393	391	36
1421	393	421	2
1422	393	419	1
1423	393	446	1
1424	393	390	1
1425	393	410	1
1426	394	396	59
1427	394	402	3
1428	394	386	2
1429	394	303	9
1430	394	400	4
1431	395	33	31
1432	395	429	8
1433	395	434	3
1434	396	400	23
1435	396	386	8
1436	396	397	47
1437	396	303	2
1438	396	378	1
1439	396	402	3
1440	397	400	46
1441	397	402	3
1442	397	401	2
1443	397	386	1
1444	398	367	17
1445	398	377	7
1446	398	370	79
1447	398	378	1
1448	398	400	1
1449	398	387	1
1450	398	371	3
1451	398	394	2
1452	398	386	1
1453	399	396	1
1454	399	368	47
1455	399	386	1
1456	399	371	1
1457	399	401	1
1458	399	376	1
1459	399	373	1
1460	399	321	1
1461	400	401	59
1462	400	402	12
1463	400	386	9
1464	400	378	1
1465	401	402	65
1466	401	303	1
1467	402	386	30
1468	402	403	65
1469	402	303	2
1470	403	386	63
1471	403	378	2
1472	403	303	1
1473	404	405	16
1474	404	152	1
1475	404	176	2
1476	404	151	3
1477	404	61	2
1478	404	406	1
1479	404	408	1
1480	404	443	1
1481	404	431	1
1482	405	176	13
1483	405	151	3
1484	405	61	1
1485	406	408	101
1486	406	5	8
1487	406	407	3
1488	406	109	2
1489	406	8	2
1490	407	416	64
1491	407	8	6
1492	407	5	46
1493	407	440	2
1494	407	7	2
1495	407	312	1
1496	407	438	1
1497	408	407	55
1498	408	5	33
1499	408	8	18
1500	408	406	1
1501	410	417	50
1502	410	419	30
1503	410	500	1
1504	410	459	1
1505	410	421	1
1506	410	446	2
1507	410	481	1
1508	411	410	66
1509	411	421	1
1510	411	446	1
1511	412	411	68
1512	412	500	1
1513	412	410	1
1514	413	412	53
1515	413	419	1
1516	413	410	14
1517	413	519	1
1518	413	446	1
1519	414	413	67
1520	415	505	1
1521	415	25	64
1522	415	490	3
1523	415	242	10
1524	415	395	2
1525	415	504	2
1526	415	33	1
1527	415	439	2
1528	416	438	99
1529	416	5	8
1530	416	7	7
1531	416	8	2
1532	416	440	1
1533	417	419	48
1534	417	446	1
1535	417	421	1
1536	418	421	92
1537	418	446	2
1538	418	459	1
1539	418	523	2
1540	419	418	96
1541	420	446	70
1542	421	420	70
1543	421	446	31
1544	422	398	75
1545	422	396	2
1546	422	291	1
1547	422	371	2
1548	422	367	2
1549	422	386	1
1550	422	401	1
1551	422	262	1
1552	423	424	75
1553	423	422	16
1554	423	262	1
1555	424	398	25
1556	424	422	67
1557	424	394	1
1558	425	426	81
1559	425	313	1
1560	425	33	6
1561	425	409	1
1562	425	34	6
1563	425	435	3
1564	425	434	4
1565	425	429	1
1566	426	429	74
1567	426	33	9
1568	426	34	9
1569	426	436	1
1570	426	435	8
1571	426	434	7
1572	426	343	1
1573	426	464	1
1574	426	437	2
1575	426	3	1
1576	427	423	81
1577	427	424	8
1578	428	427	80
1579	428	423	6
1580	428	396	1
1581	428	397	1
1582	428	422	1
1583	428	368	1
1584	429	33	47
1585	429	435	4
1586	429	34	5
1587	429	434	42
1588	429	437	1
1589	430	399	44
1590	430	423	2
1591	431	168	25
1592	431	406	102
1593	431	5	7
1594	431	408	1
1595	431	407	3
1596	431	109	2
1597	431	8	1
1598	432	433	79
1599	432	428	9
1600	432	368	1
1601	432	422	1
1602	432	427	5
1603	432	367	1
1604	432	423	3
1605	432	424	1
1606	432	262	1
1607	432	399	1
1608	433	428	78
1609	433	427	1
1610	434	435	80
1611	434	33	26
1612	434	3	1
1613	434	34	6
1614	434	437	1
1615	434	252	1
1616	435	34	41
1617	435	436	72
1618	435	437	12
1619	435	33	3
1620	436	437	65
1621	436	34	30
1622	436	3	7
1623	436	166	1
1624	437	165	84
1625	437	34	42
1626	437	3	4
1627	437	313	2
1628	438	7	64
1629	438	440	48
1630	438	260	17
1631	439	425	82
1632	439	435	1
1633	439	313	1
1634	439	33	2
1635	439	34	2
1636	439	25	2
1637	439	242	2
1638	439	426	2
1639	439	395	1
1640	439	434	1
1641	440	445	58
1642	440	7	64
1643	440	444	1
1644	440	260	4
1645	441	430	34
1646	441	432	45
1647	441	399	2
1648	441	442	5
1649	442	432	58
1650	442	428	2
1651	442	427	1
1652	443	431	104
1653	443	168	5
1654	443	8	1
1655	443	5	1
1656	443	406	1
1657	444	448	156
1658	444	447	1
1659	445	444	152
1660	445	447	2
1661	445	7	1
1662	445	448	1
1663	446	455	119
1664	446	459	1
1665	446	483	1
1666	446	481	1
1667	447	26	141
1668	447	451	18
1669	448	447	153
1670	448	26	6
1671	449	439	99
1672	449	242	6
1673	449	415	5
1674	449	395	4
1675	449	429	1
1676	449	382	1
1677	449	426	3
1678	449	33	3
1679	449	34	1
1680	449	409	1
1681	451	458	133
1682	451	467	3
1683	451	301	1
1684	451	466	2
1685	451	26	1
1686	452	454	126
1687	452	8	3
1688	452	406	3
1689	452	431	7
1690	452	453	4
1691	453	443	99
1692	453	431	13
1693	453	8	1
1694	453	406	1
1695	454	443	11
1696	454	453	111
1697	454	5	2
1698	454	431	2
1699	455	459	128
1700	455	533	1
1701	456	457	100
1702	456	498	1
1703	456	515	1
1704	456	495	1
1705	456	496	1
1706	456	492	1
1707	456	506	2
1708	457	491	96
1709	457	498	4
1710	457	492	3
1711	457	496	5
1712	457	506	2
1713	457	515	4
1714	457	539	1
1715	457	495	4
1716	457	520	1
1717	457	535	1
1718	458	467	152
1719	458	466	2
1720	459	483	123
1721	459	519	6
1722	459	482	15
1723	459	499	5
1724	459	481	2
1725	459	500	2
1726	459	523	1
1727	459	524	1
1728	460	461	97
1729	460	515	2
1730	460	495	1
1731	460	152	1
1732	460	456	4
1733	460	457	1
1734	461	456	93
1735	461	457	2
1736	461	495	1
1737	461	537	1
1738	461	496	1
1739	462	449	15
1740	462	25	131
1741	462	308	8
1742	462	415	3
1743	462	33	1
1744	462	34	1
1745	462	426	1
1746	462	425	1
1747	463	25	41
1748	463	462	130
1749	464	476	3
1750	464	472	87
1751	464	382	12
1752	464	471	23
1753	464	505	2
1754	464	504	1
1755	464	242	5
1756	464	490	4
1757	464	409	7
1758	464	425	1
1759	464	33	1
1760	465	464	56
1761	465	434	1
1762	465	242	1
1763	465	382	1
1764	465	476	1
1765	466	463	170
1766	467	466	162
1767	468	469	90
1768	468	464	1
1769	468	473	1
1770	468	465	3
1771	468	470	1
1772	468	474	6
1773	469	464	1
1774	469	474	125
1775	469	465	1
1776	470	464	108
1777	470	465	15
1778	470	476	1
1779	471	476	66
1780	471	505	3
1781	471	490	23
1782	471	409	7
1783	471	382	1
1784	471	504	1
1785	472	471	81
1786	472	409	2
1787	472	242	1
1788	472	382	2
1789	473	470	37
1790	473	471	4
1791	473	464	11
1792	473	476	1
1793	474	473	52
1794	474	470	83
1795	474	252	1
1796	474	465	6
1797	474	471	1
1798	475	460	105
1799	475	491	1
1800	475	456	3
1801	475	457	3
1802	475	68	4
1803	475	506	1
1804	475	515	5
1805	475	540	1
1806	475	312	8
1807	475	535	1
1808	475	492	1
1809	476	409	1
1810	476	490	77
1811	477	441	50
1812	477	399	4
1813	477	430	8
1814	477	321	2
1815	477	310	2
1816	477	368	2
1817	477	278	1
1818	478	442	48
1819	478	441	27
1820	479	480	65
1821	479	478	11
1822	479	442	5
1823	479	398	4
1824	479	424	5
1825	479	441	2
1826	479	428	1
1827	480	478	61
1828	480	387	1
1829	480	424	1
1830	480	442	1
1831	481	489	111
1832	481	499	25
1833	481	500	3
1834	481	523	1
1835	482	481	122
1836	482	523	3
1837	482	499	2
1838	482	519	2
1839	483	482	114
1840	483	481	9
1841	483	523	1
1842	484	456	1
1843	484	487	3
1844	484	485	148
1845	484	457	1
1846	484	486	1
1847	485	486	141
1848	485	487	1
1849	485	385	2
1850	486	487	118
1851	486	312	1
1852	486	475	10
1853	486	385	2
1854	486	456	1
1855	486	492	1
1856	486	461	2
1857	487	475	111
1858	487	5	2
1859	487	385	2
1860	487	457	3
1861	487	456	1
1862	488	479	74
1863	489	499	104
1864	489	501	1
1865	489	523	1
1866	489	500	5
1867	490	504	131
1868	490	505	4
1869	491	496	52
1870	491	495	42
1871	491	515	4
1872	491	506	1
1873	492	497	86
1874	492	515	7
1875	492	520	1
1876	492	506	5
1877	492	498	15
1878	492	539	2
1879	493	492	94
1880	493	515	3
1881	493	498	2
1882	493	314	1
1883	494	452	114
1884	494	152	1
1885	494	151	1
1886	494	431	1
1887	494	176	1
1888	494	404	1
1889	494	443	1
1890	494	5	1
1891	495	496	51
1892	496	515	7
1893	496	493	100
1894	496	536	1
1895	496	537	1
1896	496	492	14
1897	496	539	2
1898	496	506	5
1899	497	498	87
1900	498	506	107
1901	498	515	2
1902	498	539	1
1903	499	501	129
1904	499	500	10
1905	499	519	2
1906	499	522	1
1907	499	533	1
1908	500	519	114
1909	500	524	11
1910	500	531	2
1911	500	523	30
1912	500	431	1
1913	500	533	1
1914	501	500	130
1915	501	523	1
1916	502	484	10
1917	502	503	117
1918	503	484	100
1919	503	301	15
1920	503	486	1
1921	503	385	1
1922	504	505	147
1923	505	502	141
1924	505	503	2
1925	505	484	7
1926	505	301	1
1927	506	507	95
1928	506	515	25
1929	506	536	1
1930	506	539	2
1931	506	540	1
1932	506	535	2
1933	507	515	93
1934	507	539	1
1935	507	535	1
1936	508	477	38
1937	508	488	66
1938	508	441	7
1939	508	479	10
1940	508	478	3
1941	509	508	58
1942	509	488	8
1943	509	303	1
1944	509	398	2
1945	509	479	3
1946	509	424	1
1947	510	509	65
1948	510	508	13
1949	511	512	121
1950	511	368	1
1951	512	508	53
1952	512	510	64
1953	512	477	21
1954	512	321	1
1955	512	509	1
1956	512	399	1
1957	513	511	122
1958	513	512	17
1959	513	479	1
1960	513	430	1
1961	513	510	6
1962	513	394	1
1963	513	509	3
1964	513	477	2
1965	513	279	1
1966	514	513	142
1967	514	477	3
1968	514	430	1
1969	515	520	163
1970	515	539	2
1971	516	494	91
1972	516	404	15
1973	516	8	1
1974	516	431	6
1975	516	176	2
1976	516	452	8
1977	516	61	1
1978	516	406	3
1979	517	514	107
1980	517	513	2
1981	517	367	1
1982	518	517	104
1983	518	479	2
1984	518	510	1
1985	518	513	2
1986	518	514	3
1987	519	523	135
1988	519	522	1
1989	520	535	127
1990	520	539	18
1991	520	537	14
1992	520	538	3
1993	520	536	2
1994	520	540	3
1995	520	527	1
1996	521	514	16
1997	521	518	84
1998	521	517	1
1999	522	524	155
2000	523	522	152
2001	523	524	24
2002	523	533	1
2003	524	530	7
2004	524	533	176
2005	524	431	1
2006	524	526	2
2007	524	525	3
2008	524	406	1
2009	524	516	1
2010	524	452	2
2011	524	532	2
2012	524	531	5
2013	524	494	1
2014	525	516	111
2015	525	431	5
2016	525	404	8
2017	525	453	1
2018	525	494	18
2019	525	452	14
2020	525	5	1
2021	525	176	1
2022	525	405	1
2023	525	406	1
2024	526	525	141
2025	526	516	5
2026	526	452	2
2027	526	494	7
2028	526	404	2
2029	526	431	1
2030	526	408	1
2031	527	528	155
2032	527	513	3
2033	527	518	4
2034	527	394	1
2035	527	477	1
2036	527	514	1
2037	527	510	1
2038	527	529	2
2039	527	398	1
2040	528	529	135
2041	528	518	2
2042	528	512	2
2043	528	514	9
2044	528	399	2
2045	528	477	1
2046	528	430	1
2047	528	517	1
2048	528	479	1
2049	528	513	1
2050	529	521	96
2051	529	514	9
2052	529	398	2
2053	529	518	13
2054	529	510	3
2055	529	517	3
2056	529	399	1
2057	529	430	1
2058	529	442	2
2059	529	368	1
2060	529	509	1
2061	529	477	3
2062	529	513	1
2063	529	394	1
2064	530	526	151
2065	530	516	5
2066	530	525	11
2067	530	405	1
2068	530	494	3
2069	530	452	2
2070	530	404	1
2071	531	516	6
2072	531	530	163
2073	531	526	3
2074	531	525	2
2075	531	404	1
2076	532	530	5
2077	532	531	165
2078	532	516	1
2079	532	525	3
2080	532	494	1
2081	533	532	174
2082	533	531	2
2083	533	530	1
2084	533	494	1
2085	533	525	1
2086	533	526	2
2087	533	404	1
2088	534	527	161
2089	534	518	5
2090	534	521	2
2091	534	513	1
2092	534	394	1
2093	534	424	2
2094	534	510	1
2095	534	398	2
2096	534	367	1
2097	535	537	17
2098	535	536	114
2099	535	539	2
2100	535	538	1
2101	536	537	116
2102	536	539	4
2103	537	539	142
2104	537	534	1
2105	537	538	5
2106	537	540	4
2107	538	534	170
2108	538	479	2
2109	538	527	6
2110	538	518	5
2111	538	509	2
2112	538	513	2
2113	538	398	2
2114	538	521	2
2115	538	510	2
2116	538	427	1
2117	539	540	172
2118	539	538	11
2119	539	527	1
2120	539	509	1
2121	539	427	1
2122	540	538	170
2123	540	534	5
2124	540	527	1
2125	540	521	1
2126	540	514	2
2127	114	117	1
2128	193	44	21
2129	193	220	1
2130	193	202	1
2131	450	464	3
2132	450	465	30
2133	450	472	1
2134	450	3	4
2135	450	33	1
2136	450	435	1
2137	450	490	1
2138	450	382	1
