600	101
615	607	766	852	1023	1518	1663	1699	1720	1839	1835	1831	1863	1903	1914	1908	1987	2000	1999	2004	2083	2064	2024	2018	1889	1652	1596	338	57	1027	1037	1040	1034	1035	12	931	930	929	932	950	948	926	922	918	915	1274	1767	1774	
1433	1613	174	551	37	981	982	988	989	983	984	990	996	998	978	958	933	1896	1873	1899	1900	1928	1969	1991	2103	2117	2122	2107	2088	2031	2040	2050	1997	1982	1979	1966	1957	1949	1952	1948	1938	1647	1454	1299	1306	1111	1055	905	955	565	579	569	574	577	
615	
598	
768	
7	641	82	626	808	738	856	1411	1408	1515	1540	1536	1543	1663	1699	1722	1837	1904	1908	1987	2001	2004	2081	2077	2072	2064	2024	2016	1481	1592	1488	338	57	1027	1037	1040	1034	1035	12	931	930	929	932	950	948	926	922	918	915	
405	402	401	49	1194	1125	1049	1538	1722	1837	1904	1908	1987	2000	1999	2004	2081	2077	2072	2065	1971	1883	1686	1695	1652	1591	563	338	57	1027	1037	1040	1034	1035	12	931	930	929	932	950	948	926	922	918	
486	169	1064	23	1188	1232	1269	1266	1150	1148	1138	1114	1135	1174	1176	1160	
604	598	768	760	814	775	740	1018	1011	1010	1031	1044	1079	1088	1987	2000	1999	2004	2081	2077	2072	2064	2024	2014	1971	1883	1686	1696	1691	1652	1591	563	338	57	1027	1037	1040	1034	1035	12	931	930	929	932	950	948	926	922	918	
768	767	690	738	852	1022	1011	1010	1031	1044	1082	1722	1835	1832	1903	1914	1908	1987	2000	1999	2004	2081	2077	2072	2064	2024	2014	1976	1690	1692	1592	1485	1499	91	
87	1659	1657	1669	
1850	1857	
2107	2088	2031	2040	2050	1996	1966	1957	1949	1951	1937	1862	1821	1819	1646	1599	1582	1551	
578	579	569	574	577	
419	
615	604	598	768	760	810	738	850	1012	1018	1011	1010	1031	1044	1079	1088	1987	2000	1999	2004	2081	2077	2073	2024	2016	1473	1484	
241	511	338	57	1027	1037	1040	1034	1035	12	931	930	929	932	950	948	926	922	918	912	23	1188	1232	1272	1138	1114	1135	1174	1176	1160	
1289	1206	1244	1324	1374	1356	1085	1201	1275	
1432	1584	161	1613	168	37	981	982	988	989	983	984	990	996	998	978	958	942	1869	1896	1873	1899	1900	1927	1933	1969	1989	2098	2101	2103	2117	2122	2107	2088	2031	2043	1966	1957	1949	1951	1936	1811	1646	1607	1454	1299	1306	1111	1055	
579	569	574	577	
615	604	597	590	768	760	810	738	850	1012	1018	1011	1010	1031	1044	1080	1663	1699	1720	1839	1835	1831	1863	1903	1914	1908	1987	2000	1999	2004	2081	2077	2072	2064	2024	2016	1473	1482	584	491	493	453	
317	323	318	309	304	469	506	1073	2117	2122	2107	2088	2031	2043	1966	1957	1949	1953	1811	1645	1589	1454	1299	1306	1108	1056	1054	999	1004	1006	969	974	955	566	6	656	569	574	577	
615	604	597	590	768	760	810	738	852	1022	1011	1010	1031	1044	1079	1092	1832	1903	1914	1908	1987	2000	1999	2004	2081	2077	2072	2064	2024	2016	1473	1482	584	491	493	453	
317	323	318	309	304	472	1075	2098	2101	2103	2117	2122	2107	2088	2031	2040	2050	1997	1982	1979	1966	1961	1947	1942	1862	1822	1651	1576	1552	1556	1544	1446	1308	1312	1315	1296	1316	1334	1340	1360	1390	1426	1436	1442	1465	1468	1470	1388	1349	
405	402	401	46	1216	1198	1194	1118	1397	1422	1540	1538	1722	1837	1904	1908	1987	2000	1999	2004	2081	2077	2072	2064	2024	2014	1972	1473	1482	584	491	493	453	
317	323	318	309	304	469	507	479	92	1528	1629	1642	87	1659	1657	1669	1667	151	1718	1766	1765	1748	1739	1671	1631	
1584	161	1610	1616	
23	1188	1232	1269	1266	1150	1148	1138	
1288	1264	1206	1244	
1794	1776	1750	1785	1781	1868	1925	1844	1847	1850	1857	1798	1728	1734	1701	1708	1869	1893	1879	1873	1899	1900	1927	1933	1969	1991	2103	2117	2122	2107	2088	2031	2043	1966	1957	1949	1951	1936	1811	1646	1599	1582	1544	1446	1308	1312	1315	1296	1316	1334	1342	1426	1436	1440	1461	1465	1469	
846	
616	597	592	810	738	850	1012	1018	1011	1010	1031	1044	1080	1663	1699	1720	1839	1835	1831	1863	1903	1914	1911	2001	2004	2081	2077	2072	2064	2024	2014	1976	1686	1696	1691	1652	1592	1485	1497	1492	59	1528	1629	1642	87	1659	1657	1669	1668	1681	1718	1766	1765	1748	1739	1671	1638	1566	1584	161	1615	
1760	1750	1785	1779	1810	1867	1922	1923	1917	1918	1844	1847	
1376	1798	1728	1734	1701	1708	1869	1893	1882	1073	2117	2122	2107	2088	2031	2040	2050	1997	1982	1979	1966	1957	1949	1952	1947	
1577	1556	1544	1446	1308	1312	1315	1296	1316	1334	1339	1392	1436	1442	1465	1468	1470	1388	1349	
405	402	401	49	1194	1118	1397	1422	1540	1536	1543	1663	1699	1722	1837	1904	1908	1987	2000	1999	2004	2081	2077	2072	2064	2024	2014	1972	1473	1482	584	491	493	453	
317	323	321	304	472	1073	2117	2122	2107	2088	2031	2040	2050	1996	1966	1958	1953	1813	1589	1454	1299	1306	1108	1056	1054	999	1004	1006	969	974	955	567	578	579	573	
101	132	
129	99	
577	
405	402	401	42	1120	1099	1097	1397	1419	1415	1412	1411	1403	1519	1514	1511	1508	1501	1533	1540	1536	1542	1541	1663	1699	1720	1839	1835	1831	1863	1903	1914	1911	2000	1999	2004	2081	2077	2072	2064	2024	2014	1976	1686	1696	1691	1652	1591	563	338	57	1027	1037	1040	1034	1035	12	931	930	929	932	950	948	926	922	918	912	28	1233	1150	1148	1138	1114	1135	1175	
1282	1243	1237	1264	1206	1245	1364	1370	1329	1356	1085	1201	1275	1774	1794	1776	
1922	1923	1917	1918	1844	1847	1850	1857	1798	1728	1734	1701	1708	1869	1892	1969	1989	2097	2103	2117	2122	2109	2031	2040	2050	1996	1966	1957	1949	1951	1938	1646	1598	1608	1578	1576	1552	1556	1544	1446	1308	1312	1315	1297	1339	1392	1439	1469	
604	597	590	768	765	1095	2007	2020	58	1043	13	929	932	950	949	912	37	981	982	988	989	983	987	979	945	2104	2096	1296	1316	1337	911	576	768	765	1095	2007	2020	58	1043	13	929	932	950	949	912	37	981	982	988	989	983	987	979	940	1995	2035	1816	1299	1306	1111	1055	911	576	768	764	1903	1914	1911	2001	2004	2081	2077	2072	2064	2024	2016	1481	1591	563	338	69	1060	1037	1040	1034	1035	12	931	930	929	932	950	948	926	922	918	915	1273	1793	1789	
537	172	540	37	981	982	988	989	983	984	990	996	998	978	958	933	1893	1882	1074	1969	1991	2103	2117	2122	2107	2088	2031	2045	1811	1645	1589	1454	1305	999	1004	1008	905	955	567	578	579	569	574	577	
1282	1243	1241	1206	1244	1324	1368	1350	1356	1085	1201	1274	1767	1774	1794	1777	
1432	1585	1618	1625	168	23	1186	302	303	299	301	295	297	286	279	287	288	283	276	266	254	216	215	129	99	
405	402	401	46	1216	1198	1194	1120	1099	1097	1397	1420	1413	1403	1519	1515	1540	1536	1543	1663	1699	1720	1839	1835	1832	1903	1914	1908	1987	2000	1999	2004	2081	2077	2072	2066	2019	1686	1695	1652	1592	1485	1497	1490	1532	1641	1659	1657	1669	1667	
1765	1748	1739	1671	1631	1558	1566	1587	1610	1616	168	23	1188	1232	1269	1267	1148	1138	1116	
1282	1243	1241	1206	1253	1350	1357	951	954	981	982	988	989	983	984	990	996	998	978	958	933	1896	1877	1900	1927	1933	1969	1991	2103	2117	2123	2088	2031	2040	2050	1996	1966	1957	1949	1951	1936	1811	1645	1589	1454	1299	1307	1436	1442	1465	1468	1470	1388	1349	
1766	1765	1747	
1926	
1844	1847	1852	1798	1730	1891	1896	1874	1969	1989	2098	2101	2106	2122	2107	2093	1555	1444	1296	1318	1463	1387	
405	402	401	44	1223	1216	1198	1194	1120	1099	1097	1397	1419	1415	1412	1411	1405	1511	1508	1507	1831	1864	1914	1913	2081	2077	2072	2064	2024	2014	1971	1883	1686	1696	1691	1652	1592	1485	1499	91	1490	1528	1629	1642	87	1659	1657	1669	1667	
1718	1766	1765	1748	1740	138	1671	1631	1558	1566	1587	1610	1617	1620	1624	537	174	551	23	1186	302	303	299	301	295	297	286	279	287	288	283	
178	181	183	184	185	182	
1282	1243	1239	1229	1256	1104	1137	1139	1156	1154	1142	1275	1774	1793	1789	1776	1752	1779	1810	1867	1922	1923	1917	1918	1844	1847	1850	1857	1798	1728	1734	1701	1708	1869	1893	1879	1873	1899	1900	1927	1933	1969	1989	2097	2103	2117	2122	2110	1982	1979	1966	1957	1949	1952	1948	1939	1821	1819	1648	1649	1598	1608	1578	1576	1552	1556	1544	1446	1308	1311	1296	1316	1334	1340	1360	1390	1428	1387	
1282	1243	1238	1255	1206	1245	1364	1368	1350	1356	1086	1767	1774	1793	
168	
1431	161	1612	
537	168	23	1188	1232	1269	1266	1150	1148	1138	1114	1135	1174	1176	1160	
1288	1264	
1201	
1774	
1610	1617	1620	1625	169	1064	23	1186	302	303	300	295	298	279	287	288	283	
529	527	731	872	879	878	877	876	875	881	1350	1356	1085	1201	1274	1767	1774	1794	
1620	1624	537	168	36	951	954	981	982	988	989	983	984	990	996	998	978	
1027	1037	1040	1034	1035	12	931	930	929	932	950	948	926	922	
981	982	988	989	983	984	990	996	998	978	958	933	1895	2103	2117	2122	2107	2088	2031	2040	2053	1982	1979	1966	1957	1949	1952	1947	1941	1937	1862	1821	1819	1646	1599	1582	1546	999	1004	1006	969	
955	
700	646	569	574	577	
406	401	44	1223	1213	1120	1099	1097	1397	1419	1415	1412	1411	1403	1519	1514	1511	1508	1501	1533	1540	1536	1542	1541	1663	1699	1720	1841	2001	2004	2081	2077	2072	2064	2024	2014	1971	1883	1686	1696	1691	1652	1592	1485	1497	1490	1528	1628	87	1659	1657	1669	1668	1681	1718	1766	1765	1748	1740	138	1671	1632	1618	1624	537	174	551	23	1191	1269	1266	1150	1148	1138	1114	1135	1174	1176	1160	
1282	1243	1237	1264	1206	1248	1369	1085	1201	1274	1767	1774	1794	1777	1760	
1923	1917	1918	1844	1847	1850	1857	1798	1728	1734	1701	1712	1927	1933	1969	1989	2098	2101	2103	2117	2122	2107	2088	2031	2040	2050	1997	1982	1979	1966	1957	1949	1952	1948	1937	1862	1821	1819	1648	1649	1598	1608	1578	1576	1552	1556	1544	1446	1308	1312	1315	1296	1316	1334	1339	1392	1436	1440	1461	1465	1467	1387	
1283	1239	1229	1256	1104	1137	1139	1156	1154	1142	1274	
1752	1779	1810	1867	1922	1923	1917	1918	1844	1847	1850	1857	1798	1728	1734	1701	1710	1873	1899	1900	1928	1969	1991	2103	2117	2122	2107	2088	2031	2040	2050	1997	1982	1980	1963	1945	1822	1651	1577	1556	1544	1446	1308	1312	1315	1296	1316	1334	1340	1360	1390	1426	1435	1388	1349	
158	157	
225	181	183	184	185	182	
1264	1206	1248	1370	1330	1353	951	954	981	982	988	989	983	984	990	996	998	978	958	933	1893	1879	1873	1899	1900	1927	1933	1969	1989	2098	2101	2103	2117	2122	2107	2088	2031	2040	2050	1997	1982	1979	1966	1963	1942	1862	1822	1651	1577	1555	1446	1308	1311	1296	1316	1334	1340	1360	1390	1426	1436	1442	1465	1468	1470	1388	1349	
1282	1243	1238	1256	1104	1137	1139	1156	1154	1142	1274	
2132	1764	1810	1867	1922	1923	1917	1918	1844	1847	1850	1857	1804	1969	1989	2097	2103	2117	2122	2110	1982	1979	1966	1957	1949	1952	1947	1941	1937	1862	1820	1827	1818	1649	1598	1608	1578	1576	1552	1556	1544	1446	1308	1312	1315	1296	1316	1334	1341	1462	1468	1470	1388	1349	
405	402	401	44	1225	1120	1099	1097	1402	1412	1411	1405	1511	1508	1506	1663	1700	2086	2028	1473	1482	584	492	453	
317	323	318	309	304	469	507	479	96	889	88	1657	1669	1668	1681	1718	1766	1765	1748	1740	138	1671	1637	
1431	166	535	541	1064	33	1177	1181	1184	1158	1161	1167	1151	1140	1129	1132	1174	1176	1160	
1284	1229	1256	1104	1137	1139	1156	1154	1147	1774	1794	
1760	1750	1785	1781	1867	1922	1923	1917	1918	1844	1847	1853	
317	323	320	507	479	95	87	1659	1657	1669	1668	1681	1718	1766	1765	1748	1740	148	
1378	1708	1870	1891	1893	1879	1873	1899	1900	1928	1969	1989	2098	2101	2106	2122	2112	1957	1949	1952	1947	1941	1937	1862	1821	1819	1647	1454	1299	1306	1108	1056	1054	999	1004	1006	969	974	955	567	578	579	572	636	
211	626	805	775	738	854	502	499	
405	402	401	40	1198	1194	1125	1047	1908	1987	2000	1999	2004	2081	2077	2072	2064	2024	2016	1473	1482	584	
895	1867	1922	1923	
1748	1740	138	1677	1566	1584	161	1610	1617	1620	1625	169	1064	33	1179	1162	1151	1140	1129	1132	1174	1176	1160	
1282	1243	1239	1229	1256	1104	1137	1139	1156	1154	1142	1275	1774	1794	1776	1750	1785	1781	1867	1922	1923	
1918	1844	1847	1850	1857	1798	1728	1734	1701	1708	1869	1898	1927	1933	1969	1989	2097	2103	2117	2122	2107	2088	2031	2043	1966	1957	1949	1951	1938	1646	1598	1608	1578	1576	1552	1556	1544	1446	1308	1312	1315	1296	1316	1334	1339	1392	1436	1442	1465	1468	1470	1388	1349	
405	402	401	44	1223	1216	1198	1194	1125	1048	1540	1536	1543	1663	1699	1720	1839	1835	1831	1863	1903	1914	1908	1987	2001	2004	2081	2077	2071	1972	1473	1483	492	453	
616	597	590	768	767	689	502	501	1388	1349	
161	1612	
1750	1785	1779	1810	1868	1923	1917	1918	1844	1847	1850	1857	1798	1728	1734	1701	1708	1870	1891	1893	1879	1873	1899	1900	1927	1933	1969	1989	2098	2101	2104	2088	2031	2043	1966	1957	1949	1952	1947	1941	1937	1862	1823	1444	1296	1316	1334	1340	1360	1393	1469	
405	402	401	44	1223	1213	1124	1097	1398	1411	1405	1511	1508	1501	1534	1663	1699	1720	1840	1831	1864	1914	1909	2004	2083	2064	2024	2016	1473	1483	491	493	453	
317	323	320	507	479	95	87	1659	1657	1669	1668	1681	1718	1766	1765	1748	1740	138	1671	
488	1810	1868	1923	1917	1918	1844	1847	1850	1857	1798	1728	1734	1701	1708	1869	1893	1879	1873	1899	1900	1927	1933	1969	1989	2098	2101	2104	2088	2031	2043	1966	1957	1949	1951	1940	1819	1648	1649	1598	1609	1577	1555	1450	1311	1296	1316	1334	1340	1360	1390	1426	1435	1387	
405	402	401	49	1196	1540	1536	1543	1663	1699	1720	1839	1835	1831	1863	1903	1914	1910	2072	2064	2024	2016	1473	1482	584	492	453	
1867	1922	1923	1917	1918	1844	1847	1852	1798	1728	1734	1701	1708	1869	1893	1879	1873	1899	1900	1927	1933	1969	1989	2098	2101	2106	2122	2107	2088	2038	2050	1997	1982	1979	1966	1963	1942	1862	1823	1444	1296	1316	1334	1340	1360	1392	1436	1442	1465	1468	1470	1388	1349	
317	323	321	304	469	507	479	93	1628	87	1659	1657	1669	1667	150	1681	1718	1766	1765	1748	1739	1671	
1284	1229	1256	1107	1356	1085	1201	1274	1767	1774	1794	1776	1750	1785	1779	1810	1867	1922	1923	1916	1844	1847	1852	1798	1728	1735	1715	1891	1893	1882	1074	1969	1989	2098	2101	2104	2088	2037	1947	1946	1555	1446	1308	1312	1315	1296	1316	1334	1339	1392	1436	1442	1465	1468	1471	1349	
405	402	401	49	1194	1118	1397	1425	1502	1540	1536	1542	1541	1663	1699	1720	1839	1835	1831	1863	1903	1914	1910	2073	2024	2014	1976	1686	1696	1691	1652	1592	1485	1497	1492	59	1528	1629	1641	1659	1657	1669	1668	1681	1718	1766	1765	1748	1740	138	1671	1631	1558	1566	1587	1610	1617	1620	1624	537	168	23	1191	1270	1150	1148	1138	1114	1135	1174	1176	1160	
1284	1229	1262	1369	1085	1201	1281	1792	1810	1867	1922	1923	1917	1918	1844	1847	1850	1857	1798	1728	1734	1701	1708	1870	1891	1893	1882	1074	1969	1991	2103	2117	2122	2107	2088	2039	1444	1296	1316	1334	1340	1360	1390	1430	1461	1465	1468	1472	
405	402	401	40	1198	1194	1125	1048	1540	1536	1542	1541	1663	1699	1720	1839	1835	1831	1863	1903	1914	1910	2073	2024	2018	1883	1686	1696	1691	1652	1592	1487	1492	59	1528	1629	1641	1659	1657	1669	1668	1681	1718	1766	1765	1748	1739	1671	1631	1558	1566	1584	161	1610	1617	1621	172	539	551	23	1188	1232	1269	1266	1150	1148	1138	1114	1135	1174	1176	1160	
1286	1139	1156	1154	1142	1275	1774	1794	1777	1760	1750	1785	1780	1923	1917	1918	1844	1847	1850	1860	1709	1900	1927	1933	1969	1989	2098	2102	2117	2122	2107	2088	2039	1444	1296	1316	1334	1341	1463	1388	1349	
1206	1244	1324	1368	1350	1356	
1610	1617	1620	1624	537	172	539	551	23	1188	1233	1150	
208	206	205	198	533	530	529	527	731	872	879	878	877	876	875	882	1330	1350	1356	1085	1201	1274	1767	
1776	1752	1779	1810	1867	1922	1923	1917	1918	1844	1847	1850	1860	1708	1869	1893	1879	1877	1900	1927	1933	1969	1989	2098	2101	2103	2117	2122	2107	2088	2037	1947	1942	1862	1822	1649	1598	1608	1578	1576	1552	1556	1544	1446	1308	1312	1315	1296	1316	1334	1339	1392	1436	1440	1461	1466	
1206	1244	1324	1370	1332	1201	1274	1767	1774	1793	1789	
1431	166	538	
1616	172	541	1062	551	23	1186	302	303	299	301	295	298	279	287	288	283	277	181	183	184	185	
614	604	597	595	805	774	852	1021	
2001	
479	95	88	1657	
1669	1668	1681	
2107	2088	2031	2040	2054	1947	1941	1937	1862	1821	1819	1646	1598	1608	1578	1576	1552	1556	1544	1446	1308	1312	1315	1296	1316	1334	
1468	1470	1388	1349	
405	402	401	46	1216	1198	1194	1118	1397	1422	1540	1536	1542	1541	1663	1699	1720	1839	1835	1832	1903	1914	1908	1987	2000	1999	2004	2081	2077	2072	2064	2025	1972	1473	1482	584	491	493	453	
317	323	318	309	304	469	507	479	95	87	1662	1669	1667	150	1681	1719	1765	1748	1739	1673	1520	1924	1921	1382	892	1668	1684	1765	1747	
1565	1585	1617	1621	174	551	23	
604	598	770	502	501	1388	1349	
405	402	401	45	398	579	569	574	577	
405	402	401	46	1216	1198	1194	1118	1397	1419	1415	1413	1403	1519	1516	1502	1540	1536	1542	1541	1663	1699	1720	1839	1835	1831	1863	1903	1914	1908	1987	2000	1999	2006	2024	2014	1971	1883	1686	1696	1691	1652	1592	1485	1497	1492	59	1532	1641	1659	1657	1669	1668	1681	1718	1766	1765	1748	1740	142	
166	538	23	1188	1234	1132	1174	1176	1160	
405	402	401	44	1223	1221	1194	1120	1099	1097	1397	1419	1415	1412	1411	1403	1519	1514	1511	1508	1501	1533	1540	1536	1542	1541	1663	1699	1720	1839	1835	1831	1863	1903	1914	1908	1987	2000	1999	2004	2081	2077	2072	2064	2024	2014	1971	1883	1686	1696	1691	1652	1592	1488	338	57	1027	1037	1040	1034	1035	12	931	930	929	932	950	948	926	922	918	912	23	1188	1235	1148	1138	1114	1135	1174	1176	1160	
1282	1243	1239	1229	1256	1105	1139	1156	1154	1143	1793	1789	1776	
1867	1922	1925	1846	1850	1857	1803	1929	2102	2117	2122	2107	2088	2031	2040	2050	1996	1966	1958	1953	1811	1646	1599	1578	1576	1553	1544	1446	1308	1312	1315	1296	1316	1334	1340	1360	1392	1436	1442	1465	1468	1470	1388	1349	
396	391	
495	502	499	
405	402	401	44	1223	1213	1120	1099	1097	1397	1419	1415	1412	1411	1405	1511	1508	1501	1533	1540	1536	1542	1541	1663	1699	1720	1839	1835	1831	1863	1903	1914	1908	1987	2000	1999	2004	2081	2077	2073	2024	2014	1976	1690	1692	1591	563	338	57	1027	1037	1040	1034	1035	12	931	930	929	932	950	
1282	1243	1238	1256	1104	1137	1139	1156	1154	1143	1793	1789	1778	1810	1868	1923	1917	1918	1844	1847	1850	1857	1798	1728	1735	1708	1869	1898	1927	1933	1969	1989	2098	2101	2105	2107	2088	2031	2040	2050	1997	1982	1979	1966	1961	1947	1942	1862	1820	1827	1818	1649	1598	1609	1576	1552	1556	1544	1446	1308	1312	1315	1296	1316	1334	1340	1360	1392	1436	1440	1461	1465	1468	1470	1388	1349	
317	323	318	311	507	479	92	1528	1629	1642	87	1659	1657	1669	1668	1681	1718	1766	1765	1748	1740	138	1671	1631	1558	1566	1584	161	1610	1617	1620	1624	537	169	1064	33	1177	1181	1185	1161	1170	1140	
1282	1243	1237	1265	1104	1137	1139	1157	1142	1275	1774	1794	1776	1750	1785	1779	1810	1867	1922	1923	1917	1918	1844	1847	1850	1859	1376	1802	232	493	453	
316	320	507	479	93	1629	1642	87	1659	1657	1669	1668	1681	1718	1766	1765	1748	1740	138	1671	1631	1558	1566	1587	1610	1617	1620	1624	537	168	23	1186	302	303	299	301	295	297	286	279	287	288	284	266	254	
129	
428	577	
502	498	1349	
406	401	44	1223	1213	1124	1097	1396	1663	1699	1720	1840	1831	1864	1914	1908	1987	2000	1999	2004	2081	2077	2072	2065	1972	1473	1482	584	492	453	
316	318	
479	93	1628	87	1659	1657	1669	1668	1681	1718	1766	1765	1748	1740	
140	1566	1587	1610	1618	1625	169	1064	33	1177	1181	1184	1158	1162	1151	1140	1129	1132	
1282	1243	1238	1256	1104	1137	1139	1156	1154	1142	1275	1774	1794	1776	1750	1785	1781	1867	1922	
1844	1847	1850	1859	1376	1802	233	491	493	453	
316	320	507	479	93	1629	1642	87	1659	1657	1669	1668	1681	1718	1766	1765	1748	1740	138	1671	1631	1558	1566	1584	161	1610	1617	1620	1625	168	20	302	303	299	301	295	297	286	279	287	288	284	267	
406	401	44	1224	1198	1194	1120	1099	1097	1397	1420	1412	1411	1405	1511	1508	1501	1534	1663	1699	1720	1839	1835	1831	1863	1903	1914	1908	1987	2000	1999	2004	2081	2077	2073	2024	2022	1482	584	491	493	453	
316	320	507	479	92	1528	1628	87	1659	1657	1669	1667	150	1684	1765	1748	1739	1671	1638	1566	1587	1610	1617	1620	1625	174	551	23	1188	1232	1269	1267	1149	
1282	1243	1238	1255	1206	1245	1366	1332	1201	1274	1767	1774	1794	1776	1752	1779	1810	1867	1922	1923	1917	1918	1844	1847	1852	1802	233	491	493	453	
317	323	318	309	304	472	1074	1969	1989	2097	2103	2117	2122	2107	2088	2031	2045	1811	1645	1589	1454	1303	1004	1007	568	569	575	
768	760	810	738	854	502	498	1349	
405	402	401	44	1223	1216	1198	1194	1118	1397	1419	1415	1412	1411	1403	1519	1515	1540	1536	1543	1665	1840	1832	1903	1914	1908	1987	2000	1999	2004	2081	2077	2072	2064	2024	2014	1971	1883	1686	1696	1691	1652	1592	1485	1497	1492	59	1528	1629	1642	87	1659	1657	1669	1668	1681	1718	1766	1765	1748	1739	1671	1637	
1431	166	535	541	1064	33	1177	1181	1184	1158	1161	1170	1140	1129	1134	1176	1160	
1293	1282	1243	1237	1265	1104	1137	1139	1156	1154	1142	1275	1774	1794	1776	1750	1785	1779	1810	1867	1922	
1844	1847	1853	1376	1802	234	453	
317	323	318	309	304	472	1072	1994	2122	2107	2088	2033	1982	1979	1966	1957	1949	1952	1948	1939	1820	1827	1818	1649	1598	1608	1578	1576	1552	1556	1544	1446	1308	1312	1315	1296	1316	1334	1340	
1844	1847	1850	1857	1802	232	493	453	
317	323	318	309	304	469	510	1489	92	1528	1629	1642	87	1659	1657	1670	
1844	1847	1850	1857	1798	1728	1734	1701	1708	1869	1893	1882	1074	1969	1989	2097	2103	2117	2122	2107	2088	2031	2043	1967	1816	1300	1108	1056	1054	999	1004	1008	904	
495	502	498	1349	
405	402	401	44	1223	1216	1198	1194	1120	1099	1097	1397	1419	1415	1413	1407	1540	1538	1721	1987	2000	1999	2004	2081	2077	2073	2024	2016	1473	1482	584	491	493	453	
405	402	401	49	1194	1120	1099	1097	1397	1419	1415	1412	1411	1403	1519	1514	1511	1508	1501	1533	1540	1536	1542	1541	1663	1699	1720	1839	1835	1831	1864	1914	1910	2073	2024	2016	1481	1597	92	1528	1628	87	1662	1669	1668	1681	1718	1766	1765	1748	1740	138	1671	1631	1558	1566	1585	1618	1625	169	1064	28	1234	1132	1174	1176	1160	
1239	1229	1256	1104	
1114	1135	1174	1176	1160	
1282	1243	1238	1255	1208	1375	1281	1792	1810	1867	1922	1923	1917	1918	1844	1847	1850	1860	1708	1869	1893	1879	1873	1899	1900	1927	1933	1969	1991	2103	2117	2122	
1450	1312	1315	1296	1316	1334	1340	1360	1392	1434	1461	1465	1467	1388	1349	
407	397	569	574	577	
128	660	815	1389	400	576	768	767	689	502	499	
1229	1255	1206	1244	1324	1375	1274	1770	1760	1750	1785	1779	1810	1867	1922	1923	1917	1919	1030	
1524	1431	162	
32	1182	1158	1161	1167	1152	1129	1132	1174	1176	1160	
1765	1747	
1526	161	1612	
1289	1206	1244	1324	1370	1329	1356	1085	1201	1274	1767	1774	
1064	23	1188	1232	1269	1266	1150	1148	1138	
1282	1243	1238	1255	1206	1245	1364	1370	1329	1356	1085	1201	1274	
168	
1206	1244	1324	1368	1350	1356	1085	1201	1274	1767	1774	1793	1789	1776	
1587	1610	1616	168	
2136	1617	1620	1625	174	551	23	1188	1232	1269	1267	1148	1138	1114	1136	1160	
1282	1243	1238	1262	1370	1329	1356	1085	1201	
2132	1760	
604	597	595	805	774	850	1012	1018	1011	1010	1031	1044	1079	1094	1722	1835	1832	1903	1914	1908	1987	2000	1999	2004	2081	2077	2072	2064	2024	2014	1971	1883	1686	1696	1691	1652	1592	1485	1497	1490	1528	1629	1642	87	1659	1657	1669	1667	150	
896	
1527	1631	1558	1566	1585	1618	1625	174	551	23	1188	1232	1269	1267	1148	1138	1114	1136	1159	
210	221	226	223	533	530	529	527	731	872	879	878	877	876	875	886	1356	1085	1201	1274	1767	1774	1796	
1843	1857	1798	1728	1734	
1969	1989	2098	2101	2103	2117	2122	2107	2088	2031	2045	1813	1589	1454	1299	1306	1111	1055	905	955	567	578	579	569	575	
814	775	738	852	1022	1011	1010	1031	1044	1079	1088	1987	2000	1999	2004	2081	2077	2072	2064	2024	2014	1971	1883	1686	1696	1691	1652	1592	1488	338	57	1027	1037	1040	1034	1035	12	931	930	929	932	950	948	926	922	918	915	1274	1767	1774	1794	1777	1760	
405	402	401	44	1223	1216	1200	1124	1097	1396	1665	1841	2001	2004	2081	2077	2072	2064	2024	2014	1971	1883	1686	1696	1692	1592	1485	1497	1490	1528	1629	1642	87	1659	1657	1669	1668	1681	1718	1766	1765	1748	1739	1671	1632	1617	1620	1624	537	169	1064	33	1177	1181	1184	1158	1161	1167	1151	1140	
405	402	401	44	1223	1213	1120	1099	1097	1397	1419	1415	1412	1411	1403	1519	1514	1511	1508	1501	1534	1663	1699	1720	1839	1835	1831	1863	1903	1914	1908	1987	2000	1999	2004	2081	2077	2072	2064	2024	2018	1883	1686	1696	1691	1652	1592	1485	1497	1490	1528	1628	87	1659	1657	1669	1668	1681	1718	1766	1765	1748	1740	138	1671	1631	1560	162	
1750	1785	1779	1810	1867	1922	1923	1917	1918	1844	1847	1850	1857	1798	1728	1734	1701	1708	1869	1893	1879	1873	1899	1900	1928	1969	1989	2097	2103	2117	2122	2107	2088	2031	2040	2050	1997	1982	1979	1966	1957	1949	1951	1939	1821	1818	1649	1598	1608	1578	1576	1552	1556	1544	1446	1308	1312	1315	1296	1316	1334	1340	1360	1390	1426	1436	1440	1461	1465	1467	1387	
1285	1156	1154	1142	1275	1774	1794	1776	1750	1785	1779	1810	1867	1922	1925	1844	1847	1850	1857	1798	1728	1734	1701	1710	1877	1900	1927	1933	1969	1989	2098	2101	2103	2117	2122	2109	2031	2040	2050	1997	1982	1979	1966	1957	1949	1952	1948	1937	1862	1820	1827	1818	1649	1598	1608	1578	1576	1552	1555	1450	1311	1296	1316	1334	1340	1360	1390	1426	1435	1387	
405	402	401	44	1224	1200	1120	1102	1397	1419	1415	1412	1411	1403	1519	1516	1502	1540	1536	1542	1541	1663	1699	1720	1840	1831	1865	2001	2004	2081	2077	2072	2064	2024	2014	1971	1883	1686	1696	1691	1652	1592	1485	1497	1490	1528	1629	1642	87	1659	1657	1669	1668	1681	1718	1766	1765	1748	1740	
1923	1916	1844	1847	1852	1798	1733	1715	1891	1896	1876	1928	1969	1989	2097	2103	2117	2122	2107	2088	2033	1982	1979	1966	1957	1949	1952	1947	1941	1937	1862	1820	1827	1818	1651	1576	1552	1556	1544	1446	1308	1312	1315	1296	1316	1334	1340	1360	1390	1426	1436	1440	1463	1387	
405	402	401	44	1223	1216	1198	1194	1118	1397	1420	1413	1403	1519	1514	1511	1508	1501	1533	1540	1536	1542	1541	1663	1699	1720	1839	1835	1831	1863	1903	1914	1911	2000	1999	2006	2027	1883	1686	1696	1691	1652	1592	1485	1497	1492	59	1528	1628	87	1659	1657	1669	1668	1681	1718	1766	1765	1748	1740	138	1671	1631	1558	1573	1759	161	1613	172	541	1064	
405	402	401	46	1216	1198	1194	1120	1099	1097	1397	1419	1415	1412	1411	1403	1519	1515	1540	1537	1663	1699	1722	1835	1832	1904	1908	1987	2000	1999	2004	2081	2077	2072	2064	2025	1971	1883	1686	1696	1691	1652	1591	563	338	57	1027	1037	1041	1035	12	931	930	929	932	950	948	926	922	918	915	1273	1793	1789	1776	
901	1566	1585	1618	1625	169	1064	23	1188	1232	1269	1267	1148	1138	1116	
614	604	597	590	768	762	805	775	738	850	1013	1022	1011	1010	1031	1044	1079	1094	1722	1837	1904	1908	1987	2000	1999	2004	2081	2077	2072	2064	2024	2018	1883	1686	1695	1652	1592	1485	1497	1490	1528	1629	1642	87	1659	1657	1670	152	
1527	1631	1565	1585	1618	1625	172	539	551	23	1188	1232	1269	1266	1150	1148	1138	1114	1135	1175	
1844	1847	1850	1857	
507	479	93	1630	889	88	1657	1669	1668	1681	1718	1766	1765	1748	1740	
1282	1243	1239	1229	1260	1156	1154	1143	1793	1789	1776	1750	1785	1781	1867	1922	1923	1917	1918	1844	1847	1850	1857	1798	1728	1734	1701	1708	1870	1891	1893	1879	1873	1899	1900	1927	1933	1969	1991	2103	2117	2122	2107	2088	2031	2040	2050	1997	1982	1979	1966	
1282	1243	1238	1258	1245	1364	1370	1330	1350	1356	1085	1201	1274	1767	1774	1793	1791	1750	1785	1781	1867	1922	1923	1917	1919	1030	
1844	1847	1850	1857	1798	1728	1734	1701	1708	1870	1891	1893	1879	1873	1899	1900	1927	1933	1969	1989	2098	2101	2103	2117	2123	2088	2031	2040	2050	1997	1982	1979	1966	1957	1949	1952	1947	1941	1937	1862	1820	1827	1818	1649	1598	1608	1578	1576	1552	1556	1544	1446	1308	1312	1315	1296	1316	1334	1340	1360	1390	1426	1436	1440	1461	1465	1468	1470	1387	
1844	1847	1852	1798	1728	1734	1701	1708	1870	1891	1893	1879	1877	1900	1927	1933	1969	1989	2098	2102	2117	2122	2107	2088	2031	2040	2050	1997	1982	1979	1966	1957	1949	1952	1947	1941	1937	1862	1820	1827	1818	1649	1598	1608	1578	1576	1552	1556	1544	1446	1308	1312	1315	1296	1316	1334	1340	1360	1390	1426	1436	1440	1461	1465	1468	1470	1387	
405	402	401	44	1223	1216	1198	1194	1120	1099	1097	1397	1419	1415	1412	1411	1403	1519	1514	1511	1508	1501	1533	1540	1536	1542	1541	1663	1699	1720	1840	1831	1864	1914	1911	2000	1999	2011	2076	2064	2024	2019	1686	1696	1691	1652	1592	1485	1497	1490	1528	1629	1641	1659	1657	1670	152	
1765	1748	1740	138	1671	1631	1558	1566	1587	1610	1617	1620	1624	537	172	539	551	23	1188	1232	1269	1266	1150	1148	1138	1114	1135	1174	1176	1160	
1282	1243	1238	1258	1245	1364	1370	1330	1350	1356	1085	1201	1274	1767	1774	1793	1791	1752	1779	1810	1867	1922	1923	1917	1919	1030	
1844	1847	1850	1857	1798	1728	1734	1701	1708	1870	1891	1893	1879	1877	1900	1927	1933	1969	1989	2098	2101	2103	2117	2122	2107	2088	2031	2040	2050	1997	1982	1979	1966	1957	1949	1952	1947	1941	1937	1862	1820	1827	1818	1649	1598	1608	1578	1576	1552	1556	1544	1446	1308	1312	1315	1296	1316	1334	1340	1360	1392	1436	1440	1461	1465	1468	1470	1387	
405	402	401	44	1223	1216	1198	1194	1120	1099	1097	1397	1419	1415	1412	1411	1403	1519	1514	1511	1508	1501	1533	1540	1536	1542	1541	1663	1699	1720	1840	1831	1864	1914	1911	2000	1999	2012	2072	2064	2024	2014	1971	1883	1686	1696	1691	1652	1592	1485	1497	1490	1528	1629	1642	87	1659	1657	1669	1667	152	
1718	1766	1765	1748	1740	138	1671	1631	1558	1566	1584	161	1610	1617	1620	1624	537	172	539	551	23	1188	1232	1269	1266	1150	1148	1138	1114	1135	1174	1176	1160	
1282	1243	1238	1255	1206	1245	1364	1370	1330	1350	1356	1085	1201	1274	1767	1774	1793	1791	1752	1779	1810	1867	1922	1923	1917	1919	
1293	1282	1243	1237	1264	1206	1244	1324	1368	1350	1356	
1350	1356	1085	1201	1274	1767	1774	1794	
168	36	951	954	981	982	988	989	983	984	990	996	998	978	961	
889	87	1659	1657	1669	1668	1681	1718	1766	1765	1748	1740	
142	1523	
896	
140	1566	1587	1613	172	541	1064	
405	402	401	45	
1765	1748	1740	138	1671	1631	1558	1566	1585	1618	1625	169	1064	33	1177	1181	1185	1164	1132	1174	1176	1160	
1285	1156	1154	1142	
502	501	1388	1349	
1794	1776	1750	1785	1781	1868	1923	1917	1918	1844	1847	1850	1857	1798	1728	1734	1701	1708	1869	1893	1879	1873	1899	1900	1927	1933	1969	1989	2098	2101	2103	2117	2122	2107	2093	1555	1444	1296	1316	1334	1345	1440	1462	1468	1470	1388	1349	
405	402	401	44	1223	1213	1120	1099	1097	1397	1419	1415	1412	1411	1403	1519	1514	1513	1501	1533	1540	1536	1542	1541	1663	1699	
1914	1908	1987	2000	1999	2004	2081	2077	2073	2024	2014	1971	1883	1686	1696	1691	1652	1592	1485	1497	1492	59	1528	1629	1641	1659	1657	1669	1668	1681	1718	1766	1765	1747	
1527	1634	163	
2136	1616	169	1064	33	1177	1181	1184	1158	1162	1151	1140	1130	1176	1160	
1282	1243	1238	1256	1104	1137	1139	1156	1154	1142	1274	1767	
2132	1760	1757	
405	402	401	44	1223	1217	1097	1397	1420	1412	1411	1405	1511	1508	1501	1533	1540	1536	1542	1541	1663	1699	1720	1840	1831	1863	1907	2081	2077	2073	2024	2014	1971	1883	1686	1696	1691	1652	1592	1485	1497	1492	59	1528	1629	1641	1659	1657	1669	1667	150	1681	1718	1766	1765	1748	1740	
1527	1634	161	1610	1617	1620	1625	169	1064	33	1177	1181	1184	1158	1162	1151	1140	1129	1132	1174	1176	1160	
1923	1917	1918	1844	1847	1850	1857	1798	1728	1734	1701	1708	1870	1891	1893	1879	1873	1899	1900	1927	1933	1969	1994	2122	2107	2096	1297	1340	1360	1390	1426	1436	1440	1462	1467	1387	
1282	1243	1239	1229	1256	1104	1137	1139	1156	1154	1142	1275	1774	
1922	
749	752	823	836	834	733	647	82	624	787	819	862	
752	823	836	834	733	647	82	624	787	819	862	860	
823	839	733	646	570	73	670	667	803	801	788	846	841	
714	777	719	710	683	613	621	661	687	691	686	715	725	816	817	864	866	863	
823	836	834	732	706	698	681	8	630	72	612	102	746	797	846	841	820	
756	782	777	719	710	683	613	625	691	686	715	727	817	864	866	862	860	
836	834	732	706	698	682	643	5	658	655	639	630	72	612	102	746	796	788	846	841	821	
782	777	719	710	683	613	623	687	691	686	715	724	785	793	816	817	864	866	863	827	
823	836	834	732	706	698	682	643	6	655	639	630	72	612	102	746	797	846	841	821	692	
782	779	710	683	613	625	691	686	715	727	817	864	866	862	
711	756	782	777	720	678	674	650	621	661	687	691	686	715	724	785	792	795	816	817	864	866	862	859	827	742	684	
823	838	700	643	2	82	622	715	724	785	792	795	816	817	864	866	863	827	
750	823	836	834	733	647	82	624	787	819	862	860	
823	838	700	643	5	658	655	639	630	72	612	102	746	799	841	
711	756	782	777	719	710	683	613	622	715	726	864	866	862	860	
752	823	836	834	733	646	570	73	670	667	803	801	788	846	841	820	696	672	758	721	649	816	818	867	744	755	701	821	
756	782	777	720	678	674	652	661	688	686	716	785	792	795	816	818	868	
823	836	834	732	706	700	643	4	570	73	670	669	801	788	846	841	820	
756	782	777	719	710	683	613	621	661	687	691	686	715	724	785	792	795	816	817	864	866	862	
754	836	834	732	706	700	646	570	73	670	667	803	801	788	849	696	
756	782	778	678	674	652	661	688	686	715	724	787	817	864	866	862	860	
750	823	836	834	735	5	658	655	640	610	670	667	803	801	788	846	841	821	
711	756	782	777	720	678	674	650	621	661	687	691	686	715	724	785	792	795	816	817	864	866	862	859	827	742	
823	836	834	733	646	570	82	621	664	794	817	
750	823	836	834	733	647	82	624	787	819	862	860	
751	835	705	8	630	72	612	102	746	797	846	841	821	692	
756	782	777	719	710	683	613	624	785	792	795	816	817	864	866	862	859	
823	836	834	732	705	8	630	72	612	102	746	799	
756	782	779	710	683	613	622	715	725	816	817	864	866	862	
750	823	836	834	732	706	698	681	8	630	72	612	102	746	797	846	841	821	
782	777	719	710	683	613	622	715	724	785	793	816	819	862	860	
750	826	834	732	705	8	630	72	612	102	746	799	
756	782	777	719	710	683	613	622	715	724	785	792	795	816	817	864	866	863	
749	754	836	834	732	706	698	682	643	5	658	655	640	609	73	670	667	803	801	788	846	841	820	696	
711	756	782	777	720	678	674	652	661	688	686	715	724	785	792	795	816	817	864	866	862	859	827	742	
752	823	836	834	732	706	698	681	8	630	72	612	102	746	797	846	844	692	
711	758	719	710	683	613	620	686	715	727	817	864	866	863	827	
749	755	698	682	643	8	630	72	612	102	746	799	841	
712	782	777	719	710	683	613	622	715	724	785	792	795	816	817	864	866	862	860	
750	823	836	834	732	705	8	630	72	612	102	746	799	841	
782	777	719	710	683	613	622	715	724	787	817	864	866	862	859	
749	754	836	834	732	706	699	8	632	609	75	667	803	801	788	846	841	
714	777	719	710	683	613	622	715	724	785	792	795	816	817	864	866	862	
752	823	836	835	706	699	8	630	75	667	803	801	788	848	820	697	756	782	778	678	674	652	662	686	715	728	792	795	816	817	864	866	862	
752	823	836	834	732	705	8	630	72	612	102	746	797	846	841	821	
711	756	782	777	719	710	683	613	624	785	792	795	816	817	864	866	863	
752	823	836	834	732	706	698	682	643	5	658	655	640	609	73	670	667	803	801	788	846	841	820	696	
752	823	836	834	732	705	8	630	72	612	102	746	797	846	841	820	
711	758	719	710	683	613	622	715	724	786	816	817	864	866	862	860	
823	836	834	732	705	8	630	72	612	102	746	797	846	841	820	
782	777	719	710	683	613	622	715	724	785	792	795	816	817	864	866	862	
836	834	732	706	698	681	8	630	72	612	102	746	797	846	841	
714	777	719	710	683	613	624	785	792	795	816	817	864	866	862	860	
826	834	732	705	8	630	72	612	102	746	797	846	841	
711	756	782	777	719	710	683	613	624	787	818	866	862	860	
749	752	823	836	834	732	706	698	681	2	82	624	787	819	862	860	
836	834	732	705	8	630	72	612	102	746	797	846	841	
711	756	782	777	720	678	674	650	621	661	687	691	686	715	724	785	792	795	816	817	864	866	862	859	827	742	684	
719	710	683	
777	719	710	683	613	622	715	724	786	816	817	864	866	
748	836	834	732	706	700	643	5	658	655	640	609	73	670	667	803	801	788	846	841	820	695	
756	782	778	678	674	649	816	817	864	866	862	859	
748	836	834	732	706	698	682	643	5	658	655	640	609	73	670	667	803	801	788	846	841	820	
720	678	674	650	621	661	687	691	686	715	724	785	792	795	816	817	864	866	863	
823	836	834	737	700	642	658	655	640	609	73	670	667	
722	674	650	621	661	687	691	686	715	724	786	816	817	864	866	862	860	
823	836	834	732	706	698	682	643	5	658	655	640	609	73	670	667	803	801	788	846	841	
750	823	836	834	732	706	698	681	6	655	640	609	73	670	667	803	801	788	846	841	822	
714	778	678	674	650	621	661	687	691	686	715	724	786	816	817	864	866	862	859	
750	823	836	835	706	698	682	643	5	658	655	640	609	73	670	669	801	788	846	841	
756	782	778	678	674	652	661	687	691	686	715	724	785	793	816	817	864	866	862	
836	834	732	706	698	682	643	5	658	655	640	609	73	670	667	803	801	788	846	843	696	
720	678	674	652	661	688	686	716	785	793	816	817	864	866	863	
836	834	732	706	698	682	643	5	658	655	640	609	73	670	667	803	801	788	846	841	
678	674	650	621	661	687	691	686	715	724	785	792	795	816	817	864	866	
752	823	836	834	732	707	682	643	5	658	655	640	609	73	670	667	803	801	788	846	841	
756	782	778	678	674	652	661	688	686	715	724	785	793	816	817	864	866	862	
823	836	834	732	706	698	682	643	5	658	655	640	609	73	670	667	803	802	799	
711	756	782	778	680	589	688	686	716	785	792	795	816	817	864	866	862	859	827	742	684	
777	720	678	674	650	621	661	687	691	686	715	724	785	792	795	816	817	864	868	827	
752	823	836	834	732	706	698	682	643	5	658	655	640	609	73	670	667	803	801	788	846	
778	678	674	652	661	688	686	716	785	793	816	817	864	866	862	
823	836	834	732	706	698	682	643	5	658	655	640	609	73	670	667	803	801	788	846	
756	782	777	720	678	674	650	621	661	687	691	686	715	724	785	792	795	816	817	864	866	862	859	827	
823	839	732	706	698	682	643	5	658	655	640	609	73	670	667	803	801	788	846	841	820	
759	778	678	674	650	621	661	688	686	717	816	817	864	866	863	827	
823	836	834	732	707	682	643	5	658	655	640	609	73	670	669	802	796	788	846	841	
756	782	778	678	674	650	621	661	687	691	686	715	724	785	792	795	816	817	864	868	827	
754	836	834	733	643	5	658	655	640	609	73	670	667	803	801	
749	752	823	836	834	732	705	5	658	655	640	609	73	670	667	803	801	788	846	841	821	
759	778	678	674	650	621	661	687	691	686	715	725	816	817	864	866	862	
749	754	836	834	732	706	698	682	643	5	658	655	640	609	73	670	669	801	788	846	841	
758	722	674	650	621	661	687	691	686	715	724	785	792	795	816	817	864	868	
752	826	834	732	706	698	682	643	5	658	655	640	609	73	670	667	803	801	788	846	843	
759	778	678	674	652	661	687	691	686	715	724	785	792	795	816	817	865	
836	834	732	706	698	682	643	5	658	655	640	609	73	670	667	803	801	788	846	841	
756	784	720	679	650	621	661	687	691	686	715	724	786	816	817	864	866	862	860	
748	836	834	733	643	5	658	655	640	609	75	667	803	801	788	846	841	
759	778	678	674	652	661	688	686	717	816	817	864	866	862	860	
748	836	834	732	706	698	682	643	5	658	655	640	609	73	670	669	801	788	846	841	
711	756	782	777	720	678	674	650	621	661	687	691	686	715	724	785	792	795	816	817	864	866	862	859	827	742	684	
749	752	823	836	834	732	706	698	682	643	5	658	655	641	73	670	667	803	801	788	846	841	820	
782	777	720	678	674	650	621	661	687	691	686	715	724	786	816	817	864	866	862	860	
750	823	836	835	706	700	643	5	658	655	640	609	73	670	667	803	801	788	848	
756	782	778	678	674	652	661	687	691	686	715	724	786	816	817	864	866	862	
754	836	834	732	706	698	682	643	5	658	655	640	609	73	670	667	803	801	788	846	841	
778	678	674	650	621	661	687	691	686	715	727	818	868	
834	732	706	698	682	643	5	658	655	640	609	73	670	667	803	801	788	846	841	
756	782	778	678	674	652	661	687	691	686	715	724	786	816	817	864	866	863	827	
752	823	838	700	647	82	624	787	819	
836	834	732	707	682	643	5	658	655	640	609	73	670	667	803	801	788	846	841	
777	720	678	674	650	621	661	687	691	686	715	724	787	817	864	866	862	
711	756	782	778	678	674	652	661	687	691	686	715	724	785	792	795	816	817	864	866	862	859	827	742	684	
754	839	732	706	698	682	643	5	658	655	640	609	73	670	667	803	801	788	846	
756	784	722	674	652	661	688	686	715	724	785	792	795	816	817	864	866	862	
836	834	732	707	682	643	5	658	655	640	609	73	670	669	801	788	846	841	820	
777	722	674	650	621	661	687	691	686	715	724	785	792	795	816	817	864	866	862	859	
823	836	834	732	706	698	682	643	5	658	655	640	609	73	670	667	803	801	788	846	841	
778	678	674	650	621	661	687	691	686	715	724	785	794	817	864	
836	834	732	706	698	682	643	5	658	655	640	609	73	670	667	803	801	788	
712	782	778	678	674	652	661	687	691	
197	748	839	732	706	700	643	5	658	655	640	609	75	667	803	801	788	846	841	
782	777	720	678	674	650	621	661	687	691	686	715	724	785	794	818	866	
749	752	823	836	834	732	706	698	682	643	5	658	655	640	609	73	670	667	803	801	788	846	841	822	
711	756	782	777	720	678	674	650	621	661	687	691	686	715	724	785	792	795	816	817	864	866	862	859	827	742	
754	836	834	732	706	698	682	643	5	658	655	640	609	73	670	667	803	801	788	846	
650	621	661	687	691	686	715	724	786	816	817	865	
823	836	834	732	706	698	682	643	5	658	655	640	609	73	670	669	801	788	846	841	
756	782	778	678	674	650	621	661	687	691	686	715	724	785	792	795	816	817	864	866	862	859	
749	752	823	836	834	733	644	640	609	73	670	667	803	802	797	848	
777	722	674	650	621	661	687	691	686	715	724	786	816	819	
823	836	834	733	643	5	658	655	640	609	73	670	667	803	801	788	846	841	
759	778	678	674	652	661	688	686	716	786	816	817	864	866	862	
748	836	834	732	706	698	682	643	5	658	655	640	609	73	670	667	804	797	846	
720	678	674	650	621	661	687	691	686	715	724	787	818	868	
749	752	823	836	834	732	706	698	682	643	5	658	655	640	609	73	670	667	803	801	788	846	841	821	692	
711	756	782	778	678	674	650	621	661	687	691	686	715	724	785	792	795	816	818	866	862	860	
823	839	733	643	5	658	655	640	609	73	670	667	803	801	788	846	841	820	
778	678	674	652	661	688	686	717	816	817	864	866	862	
6	655	640	609	73	670	669	802	798	
678	674	650	621	661	687	691	686	715	724	786	816	819	862	
834	732	706	700	643	6	655	640	609	73	670	667	803	801	788	846	
778	678	674	652	661	687	691	686	715	724	786	816	817	864	866	
823	836	834	733	643	6	655	640	609	73	670	669	
720	678	674	650	621	661	687	691	686	715	724	787	818	866	862	859	
754	839	733	643	5	658	655	640	609	73	670	667	803	801	788	846	841	820	
749	752	823	836	834	732	706	698	682	643	5	658	655	640	609	73	670	667	803	802	796	788	846	841	820	695	692	
778	678	674	652	661	688	686	715	724	785	792	795	816	817	
754	836	835	706	698	681	6	655	640	609	73	670	667	803	801	
777	722	674	650	621	661	687	691	686	715	729	866	
749	754	836	834	733	643	5	658	655	640	609	73	670	667	803	801	788	846	841	
778	678	674	652	661	688	686	715	724	786	816	817	
835	706	698	682	643	6	655	640	609	73	670	669	802	796	
678	674	650	621	661	687	691	686	715	724	787	818	868	
754	839	733	643	6	655	640	609	73	670	667	804	
756	782	778	678	674	650	621	661	687	691	686	715	724	785	792	795	816	817	864	866	862	
834	732	707	682	643	6	655	640	609	77	801	788	846	
711	756	782	777	722	674	650	621	661	687	691	686	715	724	785	792	795	816	817	864	866	862	859	827	
759	777	722	674	650	621	661	687	691	686	715	724	787	817	865	827	
834	732	706	700	643	6	655	640	609	73	670	667	803	801	788	846	841	
782	778	678	674	650	621	661	687	691	686	715	724	
682	643	4	570	73	670	669	802	
778	678	674	650	621	661	687	691	686	
748	836	834	733	643	5	658	655	640	609	73	670	667	803	801	788	848	
782	778	678	674	652	661	688	686	715	724	785	792	795	816	819	
748	836	
643	6	655	640	609	73	670	669	802	796	788	846	
749	752	823	836	834	732	707	682	643	5	658	655	640	609	73	670	667	803	801	788	846	841	820	695	692	
674	650	621	662	686	
836	834	733	643	6	655	640	609	75	667	803	802	799	
759	778	679	652	661	688	686	715	726	
839	737	699	5	658	655	640	609	75	667	804	798	
720	679	650	621	661	687	691	686	715	726	
823	836	834	733	643	6	656	570	73	670	667	803	
759	777	720	678	674	650	621	661	687	691	686	715	727	
836	835	707	682	643	5	658	655	640	609	73	670	667	803	
722	674	650	621	661	688	686	715	729	
711	756	782	778	678	674	650	621	661	687	691	686	715	724	785	792	795	816	817	864	866	862	859	827	
752	826	834	732	706	700	643	5	658	655	638	570	73	670	669	801	788	
778	678	674	652	661	687	691	686	
835	706	700	643	5	658	655	640	609	73	670	667	803	802	796	
674	652	661	688	686	715	728	
823	836	834	737	700	644	641	75	667	
782	778	678	674	652	661	688	686	717	
836	834	732	706	700	643	6	655	640	609	73	670	669	801	788	848	
777	722	674	650	621	661	687	691	686	715	729	866	863	
733	643	5	658	655	640	609	73	670	667	803	801	788	846	841	
720	678	674	649	816	819	863	
749	752	823	836	834	733	643	5	658	655	639	632	609	73	670	669	801	788	846	841	820	695	692	
835	706	700	643	5	658	655	640	609	73	670	668	798	
720	679	650	621	661	687	691	686	716	786	816	817	865	
823	836	834	732	706	700	642	658	655	639	630	78	103	670	667	803	801	788	846	
711	759	778	678	674	652	661	688	686	
823	836	834	732	707	682	643	5	658	655	640	609	73	670	669	802	796	788	846	
778	678	674	650	621	661	687	691	686	715	724	786	816	819	863	
752	823	836	834	732	706	698	682	643	5	658	655	638	570	73	670	669	801	791	
756	782	778	679	652	661	688	686	715	724	786	816	817	864	866	862	
823	836	834	732	706	698	682	643	5	658	655	639	632	609	73	670	669	801	788	846	841	
652	665	865	828	685	193	647	75	667	803	801	
711	756	782	777	720	678	674	652	661	688	686	715	727	817	864	866	862	860	742	
759	778	678	674	650	621	661	687	691	686	715	727	819	
197	750	823	836	834	732	706	699	7	639	630	75	667	803	801	788	846	
778	678	674	652	661	687	691	686	717	816	817	864	866	863	828	
823	839	732	707	682	643	5	658	655	641	73	670	667	803	802	797	848	
782	777	722	674	650	621	661	687	691	686	715	724	786	816	817	864	866	862	
750	823	836	835	706	698	682	643	5	658	655	640	609	73	670	667	803	801	788	
782	778	678	674	652	661	688	686	717	816	817	864	866	862	
823	836	834	732	706	700	643	5	658	655	640	609	73	670	667	803	801	788	846	841	
782	777	722	674	650	621	661	687	691	686	715	724	786	816	819	862	
836	834	733	643	5	658	655	640	609	73	670	667	803	801	788	848	
750	823	836	834	732	705	7	639	632	609	73	670	667	803	801	788	846	841	820	695	692	
759	778	678	674	650	621	661	688	686	716	787	818	866	862	860	
754	836	834	732	706	698	682	645	655	640	609	73	670	667	803	801	788	846	841	
678	674	650	621	661	687	691	686	715	724	785	792	795	816	817	864	866	
754	836	835	706	700	643	6	655	640	609	73	670	667	
674	650	621	661	687	691	686	715	729	868	
834	733	643	5	658	655	640	609	73	670	667	803	801	788	848	
778	678	674	650	621	661	688	686	715	729	866	
754	836	835	707	682	643	5	658	655	640	609	73	670	667	803	802	799	841	
777	720	678	674	650	621	661	687	691	686	715	
711	756	782	777	720	678	674	652	661	687	691	686	715	724	785	792	795	816	817	864	866	862	859	827	742	684	
823	836	835	707	681	5	658	655	640	609	73	670	667	803	801	
720	678	674	652	665	865	828	685	193	647	79	846	841	
777	721	650	621	661	687	691	686	715	729	866	862	
836	834	732	706	700	643	5	658	655	640	609	73	670	667	803	802	799	
778	678	674	652	661	688	686	715	
823	839	733	643	6	655	640	609	73	670	667	803	802	797	
721	650	621	661	687	691	686	715	
750	823	836	834	732	705	6	655	640	609	73	670	667	803	801	788	846	841	820	695	692	
711	756	782	777	720	680	585	661	687	691	686	715	724	785	792	795	816	817	864	866	862	859	827	742	
749	752	823	839	733	643	5	658	655	640	609	73	670	667	803	801	
720	678	674	650	621	661	687	691	686	715	724	785	793	816	818	866	862	860	
834	732	707	682	643	6	655	640	609	73	670	669	801	788	
674	650	621	661	687	691	686	715	724	787	819	
823	836	834	732	706	700	643	6	655	640	609	73	670	667	803	801	788	846	841	
782	778	678	674	652	661	688	686	715	724	785	792	795	816	817	
823	836	834	732	707	682	643	6	655	640	609	73	670	667	803	801	
679	650	621	661	687	691	686	716	787	818	866	863	
839	732	707	682	645	655	640	609	73	670	669	801	788	
759	777	721	650	621	661	688	686	715	724	787	817	864	866	862	
749	752	823	836	834	733	647	82	624	787	818	866	862	859	827	742	
752	826	834	733	643	5	658	655	640	609	73	670	669	801	788	846	
759	777	721	652	661	687	691	686	715	728	792	795	816	817	864	866	862	
754	836	834	732	706	700	643	4	570	73	670	667	803	801	788	846	841	
777	721	650	621	661	687	691	686	715	724	785	793	816	817	864	866	862	860	745	
748	839	732	707	682	645	655	640	609	73	670	667	803	802	798	820	
782	777	722	674	650	621	661	687	691	686	715	728	792	795	816	819	862	
836	834	732	706	700	643	4	570	75	667	803	801	788	846	841	
621	661	687	691	686	715	728	794	818	866	862	
823	836	835	706	700	643	5	658	655	640	609	75	669	802	797	848	
778	679	650	621	661	687	691	686	715	729	868	
749	754	839	732	706	698	682	643	5	658	655	640	609	73	670	669	802	796	788	846	841	820	695	
711	756	782	778	678	674	652	661	687	691	686	715	724	785	792	795	816	817	864	866	862	859	827	742	685	
749	752	823	836	834	732	706	698	682	643	5	658	655	640	609	73	670	667	803	801	788	848	821	692	
711	756	782	778	678	674	650	621	661	687	691	686	715	724	785	792	795	816	817	864	866	862	859	827	
749	752	823	836	834	732	706	698	681	8	630	78	103	670	669	801	788	846	841	820	695	692	
711	756	782	777	719	710	683	613	622	715	724	785	793	816	817	864	866	862	859	827	
754	836	834	732	707	681	8	630	78	103	670	669	801	788	846	841	821	692	
756	782	777	720	678	674	650	621	661	687	691	686	715	728	794	818	866	863	827	742	
752	823	836	834	733	647	82	621	665	864	866	862	859	827	
749	754	836	835	705	2	82	622	718	795	816	817	864	866	862	860	
748	836	834	732	706	698	682	643	8	630	72	612	102	746	796	788	846	841	821	
711	756	782	777	719	710	683	613	620	686	715	724	785	792	795	816	817	864	866	862	859	827	742	
748	839	732	706	698	682	643	5	658	655	639	630	76	803	801	788	846	841	820	695	692	
711	756	782	778	678	674	652	661	687	691	686	715	724	785	792	795	816	817	864	866	862	859	827	
749	752	823	836	834	732	706	698	681	8	630	72	612	102	746	797	846	841	820	695	692	
756	782	777	719	710	683	613	625	691	686	715	724	785	792	795	816	817	864	866	862	859	827	
749	754	836	834	732	706	698	682	643	5	658	655	640	609	73	670	669	801	788	846	841	820	695	692	
711	756	782	777	720	678	674	650	621	661	687	691	686	715	724	785	792	795	816	817	864	866	862	860	
749	752	823	836	834	732	706	698	682	643	5	658	655	640	609	73	670	667	803	801	788	846	841	820	695	692	
711	756	782	778	678	674	652	661	688	686	718	795	816	817	864	866	862	859	827	742	
749	754	839	733	644	641	82	622	715	724	785	792	795	816	817	864	866	862	859	827	742	
752	823	836	834	732	706	698	682	643	7	639	630	72	612	102	746	797	846	841	820	695	692	
711	756	782	777	719	710	683	613	623	687	691	686	715	724	785	792	795	816	818	866	862	859	827	
749	752	823	836	834	732	706	698	682	643	8	630	72	612	102	746	797	846	841	820	695	692	
756	782	777	719	710	683	613	623	687	691	686	715	724	785	792	795	816	817	864	866	862	859	827	
749	754	836	834	732	706	698	682	643	5	658	655	640	609	73	670	667	803	801	788	846	841	820	695	692	
711	756	782	778	678	674	652	661	687	691	686	715	724	785	793	816	817	864	866	862	859	827	
2129	749	754	836	834	732	707	682	643	5	658	655	639	630	72	612	102	746	797	846	841	820	695	692	
711	756	782	777	719	710	683	613	623	687	691	686	715	724	785	793	816	817	864	866	862	859	827	
2129	749	754	836	834	732	706	698	682	643	7	639	630	72	612	102	746	797	
711	756	782	777	719	710	683	613	621	661	687	691	686	715	724	785	792	795	816	817	864	866	862	859	827	
197	748	836	834	732	706	698	682	643	5	658	655	640	609	73	670	669	801	788	846	841	820	695	692	
750	826	834	732	706	698	682	648	630	72	612	102	746	797	846	
782	777	719	710	683	613	621	661	687	691	686	715	724	785	792	795	816	817	864	866	862	859	827	
749	752	823	836	834	735	8	632	609	73	670	667	803	801	788	846	841	821	692	
711	759	777	720	680	585	662	686	715	724	785	792	795	816	817	864	866	862	859	827	742	
197	750	823	836	834	732	705	2	82	624	785	792	795	816	817	864	866	862	859	827	
750	823	836	834	732	706	700	643	5	658	655	639	632	609	73	670	667	803	801	788	846	843	695	692	
711	756	782	777	722	674	650	621	661	687	691	686	715	725	816	817	864	866	862	859	827	742	
197	749	752	823	836	834	732	707	682	643	5	658	655	639	630	72	612	102	746	796	788	846	841	820	696	
756	782	777	720	678	675	585	661	687	691	686	715	724	785	793	816	817	864	866	862	859	827	742	
752	826	834	732	705	8	630	78	103	670	668	796	788	846	841	820	696	
711	756	782	777	720	678	674	650	621	661	687	691	686	715	724	785	792	795	816	817	864	866	862	860	
711	756	782	777	720	678	674	650	621	661	687	691	686	715	724	785	792	795	816	817	864	866	862	860	742	
749	752	823	836	834	733	643	5	658	655	641	82	625	691	686	715	726	864	866	862	859	827	
823	836	834	732	706	698	682	643	5	658	657	82	621	661	687	691	686	715	728	792	795	816	817	864	866	862	859	
749	752	823	836	834	732	706	698	682	643	5	658	655	639	630	72	612	102	746	797	846	
782	777	719	710	683	613	623	687	691	686	715	724	785	792	795	816	817	864	866	862	859	827	742	
752	823	836	834	732	706	698	681	7	639	630	72	612	102	746	797	846	841	820	695	
782	777	719	710	683	613	621	661	687	691	686	716	785	792	795	816	817	864	866	862	859	827	
752	823	836	835	706	698	682	643	5	658	655	639	630	72	612	102	746	797	846	841	820	695	692	
759	777	719	710	683	613	621	661	687	691	686	715	724	785	793	816	817	864	866	862	859	827	
752	823	836	834	736	682	643	5	658	655	639	630	72	612	102	746	797	846	841	820	
711	756	782	777	719	710	683	613	621	661	688	686	716	785	793	816	818	866	862	860	
2129	749	752	823	836	834	736	682	643	5	658	655	640	609	73	670	667	803	801	788	846	841	820	695	692	
749	752	823	836	834	737	698	682	643	6	655	641	82	622	715	726	864	866	862	859	827	
750	823	836	834	733	647	82	624	787	819	862	859	827	
823	836	834	732	706	698	682	643	5	658	655	639	630	72	612	102	746	797	849	696	
711	756	782	777	719	710	683	613	621	661	687	691	686	715	724	785	793	816	817	864	866	862	860	
749	752	823	836	834	732	706	700	643	5	658	655	641	72	612	102	746	797	846	843	
711	759	777	719	710	683	613	621	661	687	691	686	715	724	785	793	816	817	864	866	863	827	
749	755	700	643	5	658	655	639	630	72	612	102	746	797	846	841	820	695	692	
756	782	777	719	710	683	613	621	661	687	691	686	715	726	864	866	862	860	
749	754	836	834	733	643	5	658	655	639	630	72	612	102	746	797	846	841	820	696	
756	782	777	719	710	683	613	623	687	691	686	717	816	817	864	866	862	859	827	
711	756	782	778	678	674	652	661	688	686	715	724	785	792	795	816	817	864	866	862	859	827	742	
750	823	836	834	733	643	5	658	657	82	623	688	686	715	729	866	862	
836	834	733	647	82	621	665	864	867	
752	823	836	834	732	706	698	682	643	5	658	655	639	630	72	612	102	746	797	846	841	822	
756	782	777	719	710	683	613	623	687	691	686	715	727	817	864	866	862	860	
752	823	836	834	733	643	5	658	655	639	630	72	612	102	746	799	841	821	692	
711	756	782	777	719	710	683	613	623	687	691	686	717	816	817	864	866	862	859	827	742	
749	752	823	836	834	733	643	5	658	655	639	630	72	612	102	746	797	846	841	820	
711	756	782	777	719	710	683	613	621	661	687	691	686	715	725	816	817	864	866	862	859	
752	823	836	834	733	643	5	658	655	640	609	73	670	669	802	796	788	846	843	695	692	
756	782	777	720	678	674	652	661	688	686	715	724	785	792	795	816	817	864	866	862	860	
197	748	836	834	732	706	698	682	643	5	658	655	640	609	73	670	669	801	788	846	841	820	695	692	
1206	1244	1324	1368	1350	1356	1085	1201	1274	1767	1774	1794	1777	1760	
1527	1634	161	1615	869	
2136	1616	168	23	1188	1232	1269	1266	1150	1148	1138	1116	
405	402	401	49	1194	1118	1397	1425	1501	1533	1540	1536	1543	1663	1699	1722	1837	1904	1908	1987	2000	1999	2004	2081	2077	2072	2066	2014	1971	1883	1686	1696	1691	1652	1591	563	338	57	1027	1037	1041	1035	12	931	930	929	932	950	948	926	922	918	912	23	1188	1232	1269	1266	1150	1148	1138	
1206	1244	1324	
1350	
2132	1761	1612	23	1188	
1206	1244	1324	1368	1350	1356	1085	1201	1274	1767	1774	1794	1776	
406	401	44	1223	1216	1198	1194	1125	1053	1722	1837	1904	1908	1987	2000	1999	2007	2014	1972	1473	1482	584	491	493	453	
1524	1431	162	
317	323	318	309	304	469	507	479	92	1528	1629	1642	87	1659	1657	1669	1667	150	1681	1718	1766	1765	1748	1740	138	1671	1631	1558	1573	1759	161	1610	1616	169	1064	33	1177	1181	1184	1158	1161	1168	1114	1135	1174	1176	1160	
1238	1256	1104	1137	1139	1156	1154	1142	1275	1774	1794	1776	
33	1177	1181	1184	1158	1161	1167	1151	1140	1129	1132	1173	1159	
1139	1156	1154	1142	
33	1177	1181	1184	1158	1162	1151	1140	1128	
1238	1256	1104	1137	1139	1156	1154	1142	1274	1767	
1750	1785	1779	1810	1867	1922	1923	1917	1918	1844	1847	1852	1798	1728	1734	1701	1715	1891	1896	1876	1928	1969	1989	2097	2103	2117	2122	2107	2088	2038	2050	1997	1982	1979	1966	1957	1949	1952	1947	1941	1937	1862	1822	1651	1576	1552	1556	1544	1446	1308	1312	1315	1296	1316	1334	1340	1360	1390	1426	1434	1461	1465	1468	1470	1388	1349	
33	1177	1181	1184	1158	1161	1167	1151	1140	1128	
1290	1239	1229	1256	1104	1137	1139	1156	1154	1142	1275	1774	1794	1776	1750	1785	1782	
405	402	401	44	1223	1216	1200	1120	1099	1097	1397	1420	1412	1411	1403	1519	1514	1511	1508	1501	1533	1540	1536	1542	1541	1663	1699	1720	1839	1835	1831	1863	1903	1914	1911	2000	1999	2004	2083	2064	2024	2014	1971	1883	1686	1696	1691	1652	1595	1490	1528	1629	1641	1659	1657	1669	1667	150	1681	1718	1766	1765	1747	
405	402	401	45	400	575	
1923	1917	1918	1844	
889	87	1659	1657	1669	1668	1681	1718	1766	1765	1748	1740	138	1671	1631	1558	1567	
2132	1761	1615	870	172	539	551	27	1270	1150	1148	1138	1114	1135	1175	
1282	1243	1237	1264	1206	1254	1329	1356	1085	
2132	1760	1750	1785	1781	1867	1922	1923	1917	1918	1844	1847	1850	1857	1798	1728	1734	1701	1708	1869	1893	1879	1873	1899	1900	1927	1933	1969	1989	2097	2103	2117	2122	2107	2088	2031	2040	2050	1997	1982	1980	1957	1949	1952	1947	1941	1937	1862	1820	1827	1819	1646	1598	1608	1578	1576	1552	1555	1444	1296	1316	1334	1340	1360	1390	1426	1436	1443	1387	
1282	1243	1237	1264	1206	1244	1323	1364	1370	1328	1275	1774	
888	1642	87	1659	1657	1669	1668	1681	1718	1766	1765	1747	148	
2132	1761	1615	870	168	23	1190	1266	1150	1148	1138	1114	1135	1173	1160	
1282	1243	1237	1264	1206	1254	1329	1356	1085	1201	1274	1767	
1776	1750	1785	1779	1810	1867	1922	1923	1917	1918	
1728	1734	1701	1710	1877	1900	1927	1933	1969	1991	2103	2117	2122	2107	2088	2031	2040	2050	1996	1966	1957	1949	1951	1939	1821	1819	1646	1598	1608	1578	1576	1552	1556	1544	1446	1308	1312	1315	1296	1316	1334	1340	1360	1390	1426	1436	1440	1461	1465	1467	1387	
405	403	398	579	569	574	577	
