2964	1
0	0	1	1.0
1	0	20	1.0
2	0	21	1.0
3	1	2	1.0
4	1	20	1.0
5	1	21	1.0
6	1	22	1.0
7	2	3	1.0
8	2	21	1.0
9	2	22	1.0
10	2	23	1.0
11	3	4	1.0
12	3	22	1.0
13	3	23	1.0
14	3	24	1.0
15	4	5	1.0
16	4	23	1.0
17	4	24	1.0
18	4	25	1.0
19	5	6	1.0
20	5	24	1.0
21	5	25	1.0
22	5	26	1.0
23	6	7	1.0
24	6	25	1.0
25	6	26	1.0
26	6	27	1.0
27	7	8	1.0
28	7	26	1.0
29	7	27	1.0
30	7	28	1.0
31	8	9	1.0
32	8	27	1.0
33	8	28	1.0
34	8	29	1.0
35	9	10	1.0
36	9	28	1.0
37	9	29	1.0
38	9	30	1.0
39	10	11	1.0
40	10	29	1.0
41	10	30	1.0
42	10	31	1.0
43	11	12	1.0
44	11	30	1.0
45	11	31	1.0
46	11	32	1.0
47	12	13	1.0
48	12	31	1.0
49	12	32	1.0
50	12	33	1.0
51	13	14	1.0
52	13	32	1.0
53	13	33	1.0
54	13	34	1.0
55	14	15	1.0
56	14	33	1.0
57	14	34	1.0
58	14	35	1.0
59	15	16	1.0
60	15	34	1.0
61	15	35	1.0
62	15	36	1.0
63	16	17	1.0
64	16	35	1.0
65	16	36	1.0
66	16	37	1.0
67	17	18	1.0
68	17	36	1.0
69	17	37	1.0
70	17	38	1.0
71	18	19	1.0
72	18	37	1.0
73	18	38	1.0
74	18	39	1.0
75	19	38	1.0
76	19	39	1.0
77	20	21	1.0
78	20	40	1.0
79	20	41	1.0
80	21	22	1.0
81	21	40	1.0
82	21	41	1.0
83	21	42	1.0
84	22	23	1.0
85	22	41	1.0
86	22	42	1.0
87	22	43	1.0
88	23	24	1.0
89	23	42	1.0
90	23	43	1.0
91	23	44	1.0
92	24	25	1.0
93	24	43	1.0
94	24	44	1.0
95	24	45	1.0
96	25	26	1.0
97	25	44	1.0
98	25	45	1.0
99	25	46	1.0
100	26	27	1.0
101	26	45	1.0
102	26	46	1.0
103	26	47	1.0
104	27	28	1.0
105	27	46	1.0
106	27	47	1.0
107	27	48	1.0
108	28	29	1.0
109	28	47	1.0
110	28	48	1.0
111	28	49	1.0
112	29	30	1.0
113	29	48	1.0
114	29	49	1.0
115	29	50	1.0
116	30	31	1.0
117	30	49	1.0
118	30	50	1.0
119	30	51	1.0
120	31	32	1.0
121	31	50	1.0
122	31	51	1.0
123	31	52	1.0
124	32	33	1.0
125	32	51	1.0
126	32	52	1.0
127	32	53	1.0
128	33	34	1.0
129	33	52	1.0
130	33	53	1.0
131	33	54	1.0
132	34	35	1.0
133	34	53	1.0
134	34	54	1.0
135	34	55	1.0
136	35	36	1.0
137	35	54	1.0
138	35	55	1.0
139	35	56	1.0
140	36	37	1.0
141	36	55	1.0
142	36	56	1.0
143	36	57	1.0
144	37	38	1.0
145	37	56	1.0
146	37	57	1.0
147	37	58	1.0
148	38	39	1.0
149	38	57	1.0
150	38	58	1.0
151	38	59	1.0
152	39	58	1.0
153	39	59	1.0
154	40	41	1.0
155	40	60	1.0
156	40	61	1.0
157	41	42	1.0
158	41	60	1.0
159	41	61	1.0
160	41	62	1.0
161	42	43	1.0
162	42	61	1.0
163	42	62	1.0
164	42	63	1.0
165	43	44	1.0
166	43	62	1.0
167	43	63	1.0
168	43	64	1.0
169	44	45	1.0
170	44	63	1.0
171	44	64	1.0
172	44	65	1.0
173	45	46	1.0
174	45	64	1.0
175	45	65	1.0
176	45	66	1.0
177	46	47	1.0
178	46	65	1.0
179	46	66	1.0
180	46	67	1.0
181	47	48	1.0
182	47	66	1.0
183	47	67	1.0
184	47	68	1.0
185	48	49	1.0
186	48	67	1.0
187	48	68	1.0
188	48	69	1.0
189	49	50	1.0
190	49	68	1.0
191	49	69	1.0
192	49	70	1.0
193	50	51	1.0
194	50	69	1.0
195	50	70	1.0
196	50	71	1.0
197	51	52	1.0
198	51	70	1.0
199	51	71	1.0
200	51	72	1.0
201	52	53	1.0
202	52	71	1.0
203	52	72	1.0
204	52	73	1.0
205	53	54	1.0
206	53	72	1.0
207	53	73	1.0
208	53	74	1.0
209	54	55	1.0
210	54	73	1.0
211	54	74	1.0
212	54	75	1.0
213	55	56	1.0
214	55	74	1.0
215	55	75	1.0
216	55	76	1.0
217	56	57	1.0
218	56	75	1.0
219	56	76	1.0
220	56	77	1.0
221	57	58	1.0
222	57	76	1.0
223	57	77	1.0
224	57	78	1.0
225	58	59	1.0
226	58	77	1.0
227	58	78	1.0
228	58	79	1.0
229	59	78	1.0
230	59	79	1.0
231	60	61	1.0
232	60	80	1.0
233	60	81	1.0
234	61	62	1.0
235	61	80	1.0
236	61	81	1.0
237	61	82	1.0
238	62	63	1.0
239	62	81	1.0
240	62	82	1.0
241	62	83	1.0
242	63	64	1.0
243	63	82	1.0
244	63	83	1.0
245	63	84	1.0
246	64	65	1.0
247	64	83	1.0
248	64	84	1.0
249	64	85	1.0
250	65	66	1.0
251	65	84	1.0
252	65	85	1.0
253	65	86	1.0
254	66	67	1.0
255	66	85	1.0
256	66	86	1.0
257	66	87	1.0
258	67	68	1.0
259	67	86	1.0
260	67	87	1.0
261	67	88	1.0
262	68	69	1.0
263	68	87	1.0
264	68	88	1.0
265	68	89	1.0
266	69	70	1.0
267	69	88	1.0
268	69	89	1.0
269	69	90	1.0
270	70	71	1.0
271	70	89	1.0
272	70	90	1.0
273	70	91	1.0
274	71	72	1.0
275	71	90	1.0
276	71	91	1.0
277	71	92	1.0
278	72	73	1.0
279	72	91	1.0
280	72	92	1.0
281	72	93	1.0
282	73	74	1.0
283	73	92	1.0
284	73	93	1.0
285	73	94	1.0
286	74	75	1.0
287	74	93	1.0
288	74	94	1.0
289	74	95	1.0
290	75	76	1.0
291	75	94	1.0
292	75	95	1.0
293	75	96	1.0
294	76	77	1.0
295	76	95	1.0
296	76	96	1.0
297	76	97	1.0
298	77	78	1.0
299	77	96	1.0
300	77	97	1.0
301	77	98	1.0
302	78	79	1.0
303	78	97	1.0
304	78	98	1.0
305	78	99	1.0
306	79	98	1.0
307	79	99	1.0
308	80	81	1.0
309	80	100	1.0
310	80	101	1.0
311	81	82	1.0
312	81	100	1.0
313	81	101	1.0
314	81	102	1.0
315	82	83	1.0
316	82	101	1.0
317	82	102	1.0
318	82	103	1.0
319	83	84	1.0
320	83	102	1.0
321	83	103	1.0
322	83	104	1.0
323	84	85	1.0
324	84	103	1.0
325	84	104	1.0
326	84	105	1.0
327	85	86	1.0
328	85	104	1.0
329	85	105	1.0
330	85	106	1.0
331	86	87	1.0
332	86	105	1.0
333	86	106	1.0
334	86	107	1.0
335	87	88	1.0
336	87	106	1.0
337	87	107	1.0
338	87	108	1.0
339	88	89	1.0
340	88	107	1.0
341	88	108	1.0
342	88	109	1.0
343	89	90	1.0
344	89	108	1.0
345	89	109	1.0
346	89	110	1.0
347	90	91	1.0
348	90	109	1.0
349	90	110	1.0
350	90	111	1.0
351	91	92	1.0
352	91	110	1.0
353	91	111	1.0
354	91	112	1.0
355	92	93	1.0
356	92	111	1.0
357	92	112	1.0
358	92	113	1.0
359	93	94	1.0
360	93	112	1.0
361	93	113	1.0
362	93	114	1.0
363	94	95	1.0
364	94	113	1.0
365	94	114	1.0
366	94	115	1.0
367	95	96	1.0
368	95	114	1.0
369	95	115	1.0
370	95	116	1.0
371	96	97	1.0
372	96	115	1.0
373	96	116	1.0
374	96	117	1.0
375	97	98	1.0
376	97	116	1.0
377	97	117	1.0
378	97	118	1.0
379	98	99	1.0
380	98	117	1.0
381	98	118	1.0
382	98	119	1.0
383	99	118	1.0
384	99	119	1.0
385	100	101	1.0
386	100	120	1.0
387	100	121	1.0
388	101	102	1.0
389	101	120	1.0
390	101	121	1.0
391	101	122	1.0
392	102	103	1.0
393	102	121	1.0
394	102	122	1.0
395	102	123	1.0
396	103	104	1.0
397	103	122	1.0
398	103	123	1.0
399	103	124	1.0
400	104	105	1.0
401	104	123	1.0
402	104	124	1.0
403	104	125	1.0
404	105	106	1.0
405	105	124	1.0
406	105	125	1.0
407	105	126	1.0
408	106	107	1.0
409	106	125	1.0
410	106	126	1.0
411	106	127	1.0
412	107	108	1.0
413	107	126	1.0
414	107	127	1.0
415	107	128	1.0
416	108	109	1.0
417	108	127	1.0
418	108	128	1.0
419	108	129	1.0
420	109	110	1.0
421	109	128	1.0
422	109	129	1.0
423	109	130	1.0
424	110	111	1.0
425	110	129	1.0
426	110	130	1.0
427	110	131	1.0
428	111	112	1.0
429	111	130	1.0
430	111	131	1.0
431	111	132	1.0
432	112	113	1.0
433	112	131	1.0
434	112	132	1.0
435	112	133	1.0
436	113	114	1.0
437	113	132	1.0
438	113	133	1.0
439	113	134	1.0
440	114	115	1.0
441	114	133	1.0
442	114	134	1.0
443	114	135	1.0
444	115	116	1.0
445	115	134	1.0
446	115	135	1.0
447	115	136	1.0
448	116	117	1.0
449	116	135	1.0
450	116	136	1.0
451	116	137	1.0
452	117	118	1.0
453	117	136	1.0
454	117	137	1.0
455	117	138	1.0
456	118	119	1.0
457	118	137	1.0
458	118	138	1.0
459	118	139	1.0
460	119	138	1.0
461	119	139	1.0
462	120	121	1.0
463	120	140	1.0
464	120	141	1.0
465	121	122	1.0
466	121	140	1.0
467	121	141	1.0
468	121	142	1.0
469	122	123	1.0
470	122	141	1.0
471	122	142	1.0
472	122	143	1.0
473	123	124	1.0
474	123	142	1.0
475	123	143	1.0
476	123	144	1.0
477	124	125	1.0
478	124	143	1.0
479	124	144	1.0
480	124	145	1.0
481	125	126	1.0
482	125	144	1.0
483	125	145	1.0
484	125	146	1.0
485	126	127	1.0
486	126	145	1.0
487	126	146	1.0
488	126	147	1.0
489	127	128	1.0
490	127	146	1.0
491	127	147	1.0
492	127	148	1.0
493	128	129	1.0
494	128	147	1.0
495	128	148	1.0
496	128	149	1.0
497	129	130	1.0
498	129	148	1.0
499	129	149	1.0
500	129	150	1.0
501	130	131	1.0
502	130	149	1.0
503	130	150	1.0
504	130	151	1.0
505	131	132	1.0
506	131	150	1.0
507	131	151	1.0
508	131	152	1.0
509	132	133	1.0
510	132	151	1.0
511	132	152	1.0
512	132	153	1.0
513	133	134	1.0
514	133	152	1.0
515	133	153	1.0
516	133	154	1.0
517	134	135	1.0
518	134	153	1.0
519	134	154	1.0
520	134	155	1.0
521	135	136	1.0
522	135	154	1.0
523	135	155	1.0
524	135	156	1.0
525	136	137	1.0
526	136	155	1.0
527	136	156	1.0
528	136	157	1.0
529	137	138	1.0
530	137	156	1.0
531	137	157	1.0
532	137	158	1.0
533	138	139	1.0
534	138	157	1.0
535	138	158	1.0
536	138	159	1.0
537	139	158	1.0
538	139	159	1.0
539	140	141	1.0
540	140	160	1.0
541	140	161	1.0
542	141	142	1.0
543	141	160	1.0
544	141	161	1.0
545	141	162	1.0
546	142	143	1.0
547	142	161	1.0
548	142	162	1.0
549	142	163	1.0
550	143	144	1.0
551	143	162	1.0
552	143	163	1.0
553	143	164	1.0
554	144	145	1.0
555	144	163	1.0
556	144	164	1.0
557	144	165	1.0
558	145	146	1.0
559	145	164	1.0
560	145	165	1.0
561	145	166	1.0
562	146	147	1.0
563	146	165	1.0
564	146	166	1.0
565	146	167	1.0
566	147	148	1.0
567	147	166	1.0
568	147	167	1.0
569	147	168	1.0
570	148	149	1.0
571	148	167	1.0
572	148	168	1.0
573	148	169	1.0
574	149	150	1.0
575	149	168	1.0
576	149	169	1.0
577	149	170	1.0
578	150	151	1.0
579	150	169	1.0
580	150	170	1.0
581	150	171	1.0
582	151	152	1.0
583	151	170	1.0
584	151	171	1.0
585	151	172	1.0
586	152	153	1.0
587	152	171	1.0
588	152	172	1.0
589	152	173	1.0
590	153	154	1.0
591	153	172	1.0
592	153	173	1.0
593	153	174	1.0
594	154	155	1.0
595	154	173	1.0
596	154	174	1.0
597	154	175	1.0
598	155	156	1.0
599	155	174	1.0
600	155	175	1.0
601	155	176	1.0
602	156	157	1.0
603	156	175	1.0
604	156	176	1.0
605	156	177	1.0
606	157	158	1.0
607	157	176	1.0
608	157	177	1.0
609	157	178	1.0
610	158	159	1.0
611	158	177	1.0
612	158	178	1.0
613	158	179	1.0
614	159	178	1.0
615	159	179	1.0
616	160	161	1.0
617	160	180	1.0
618	160	181	1.0
619	161	162	1.0
620	161	180	1.0
621	161	181	1.0
622	161	182	1.0
623	162	163	1.0
624	162	181	1.0
625	162	182	1.0
626	162	183	1.0
627	163	164	1.0
628	163	182	1.0
629	163	183	1.0
630	163	184	1.0
631	164	165	1.0
632	164	183	1.0
633	164	184	1.0
634	164	185	1.0
635	165	166	1.0
636	165	184	1.0
637	165	185	1.0
638	165	186	1.0
639	166	167	1.0
640	166	185	1.0
641	166	186	1.0
642	166	187	1.0
643	167	168	1.0
644	167	186	1.0
645	167	187	1.0
646	167	188	1.0
647	168	169	1.0
648	168	187	1.0
649	168	188	1.0
650	168	189	1.0
651	169	170	1.0
652	169	188	1.0
653	169	189	1.0
654	169	190	1.0
655	170	171	1.0
656	170	189	1.0
657	170	190	1.0
658	170	191	1.0
659	171	172	1.0
660	171	190	1.0
661	171	191	1.0
662	171	192	1.0
663	172	173	1.0
664	172	191	1.0
665	172	192	1.0
666	172	193	1.0
667	173	174	1.0
668	173	192	1.0
669	173	193	1.0
670	173	194	1.0
671	174	175	1.0
672	174	193	1.0
673	174	194	1.0
674	174	195	1.0
675	175	176	1.0
676	175	194	1.0
677	175	195	1.0
678	175	196	1.0
679	176	177	1.0
680	176	195	1.0
681	176	196	1.0
682	176	197	1.0
683	177	178	1.0
684	177	196	1.0
685	177	197	1.0
686	177	198	1.0
687	178	179	1.0
688	178	197	1.0
689	178	198	1.0
690	178	199	1.0
691	179	198	1.0
692	179	199	1.0
693	180	181	1.0
694	180	200	1.0
695	180	201	1.0
696	181	182	1.0
697	181	200	1.0
698	181	201	1.0
699	181	202	1.0
700	182	183	1.0
701	182	201	1.0
702	182	202	1.0
703	182	203	1.0
704	183	184	1.0
705	183	202	1.0
706	183	203	1.0
707	183	204	1.0
708	184	185	1.0
709	184	203	1.0
710	184	204	1.0
711	184	205	1.0
712	185	186	1.0
713	185	204	1.0
714	185	205	1.0
715	185	206	1.0
716	186	187	1.0
717	186	205	1.0
718	186	206	1.0
719	186	207	1.0
720	187	188	1.0
721	187	206	1.0
722	187	207	1.0
723	187	208	1.0
724	188	189	1.0
725	188	207	1.0
726	188	208	1.0
727	188	209	1.0
728	189	190	1.0
729	189	208	1.0
730	189	209	1.0
731	189	210	1.0
732	190	191	1.0
733	190	209	1.0
734	190	210	1.0
735	190	211	1.0
736	191	192	1.0
737	191	210	1.0
738	191	211	1.0
739	191	212	1.0
740	192	193	1.0
741	192	211	1.0
742	192	212	1.0
743	192	213	1.0
744	193	194	1.0
745	193	212	1.0
746	193	213	1.0
747	193	214	1.0
748	194	195	1.0
749	194	213	1.0
750	194	214	1.0
751	194	215	1.0
752	195	196	1.0
753	195	214	1.0
754	195	215	1.0
755	195	216	1.0
756	196	197	1.0
757	196	215	1.0
758	196	216	1.0
759	196	217	1.0
760	197	198	1.0
761	197	216	1.0
762	197	217	1.0
763	197	218	1.0
764	198	199	1.0
765	198	217	1.0
766	198	218	1.0
767	198	219	1.0
768	199	218	1.0
769	199	219	1.0
770	200	201	1.0
771	200	220	1.0
772	200	221	1.0
773	201	202	1.0
774	201	220	1.0
775	201	221	1.0
776	201	222	1.0
777	202	203	1.0
778	202	221	1.0
779	202	222	1.0
780	202	223	1.0
781	203	204	1.0
782	203	222	1.0
783	203	223	1.0
784	203	224	1.0
785	204	205	1.0
786	204	223	1.0
787	204	224	1.0
788	204	225	1.0
789	205	206	1.0
790	205	224	1.0
791	205	225	1.0
792	205	226	1.0
793	206	207	1.0
794	206	225	1.0
795	206	226	1.0
796	206	227	1.0
797	207	208	1.0
798	207	226	1.0
799	207	227	1.0
800	207	228	1.0
801	208	209	1.0
802	208	227	1.0
803	208	228	1.0
804	208	229	1.0
805	209	210	1.0
806	209	228	1.0
807	209	229	1.0
808	209	230	1.0
809	210	211	1.0
810	210	229	1.0
811	210	230	1.0
812	210	231	1.0
813	211	212	1.0
814	211	230	1.0
815	211	231	1.0
816	211	232	1.0
817	212	213	1.0
818	212	231	1.0
819	212	232	1.0
820	212	233	1.0
821	213	214	1.0
822	213	232	1.0
823	213	233	1.0
824	213	234	1.0
825	214	215	1.0
826	214	233	1.0
827	214	234	1.0
828	214	235	1.0
829	215	216	1.0
830	215	234	1.0
831	215	235	1.0
832	215	236	1.0
833	216	217	1.0
834	216	235	1.0
835	216	236	1.0
836	216	237	1.0
837	217	218	1.0
838	217	236	1.0
839	217	237	1.0
840	217	238	1.0
841	218	219	1.0
842	218	237	1.0
843	218	238	1.0
844	218	239	1.0
845	219	238	1.0
846	219	239	1.0
847	220	221	1.0
848	220	240	1.0
849	220	241	1.0
850	221	222	1.0
851	221	240	1.0
852	221	241	1.0
853	221	242	1.0
854	222	223	1.0
855	222	241	1.0
856	222	242	1.0
857	222	243	1.0
858	223	224	1.0
859	223	242	1.0
860	223	243	1.0
861	223	244	1.0
862	224	225	1.0
863	224	243	1.0
864	224	244	1.0
865	224	245	1.0
866	225	226	1.0
867	225	244	1.0
868	225	245	1.0
869	225	246	1.0
870	226	227	1.0
871	226	245	1.0
872	226	246	1.0
873	226	247	1.0
874	227	228	1.0
875	227	246	1.0
876	227	247	1.0
877	227	248	1.0
878	228	229	1.0
879	228	247	1.0
880	228	248	1.0
881	228	249	1.0
882	229	230	1.0
883	229	248	1.0
884	229	249	1.0
885	229	250	1.0
886	230	231	1.0
887	230	249	1.0
888	230	250	1.0
889	230	251	1.0
890	231	232	1.0
891	231	250	1.0
892	231	251	1.0
893	231	252	1.0
894	232	233	1.0
895	232	251	1.0
896	232	252	1.0
897	232	253	1.0
898	233	234	1.0
899	233	252	1.0
900	233	253	1.0
901	233	254	1.0
902	234	235	1.0
903	234	253	1.0
904	234	254	1.0
905	234	255	1.0
906	235	236	1.0
907	235	254	1.0
908	235	255	1.0
909	235	256	1.0
910	236	237	1.0
911	236	255	1.0
912	236	256	1.0
913	236	257	1.0
914	237	238	1.0
915	237	256	1.0
916	237	257	1.0
917	237	258	1.0
918	238	239	1.0
919	238	257	1.0
920	238	258	1.0
921	238	259	1.0
922	239	258	1.0
923	239	259	1.0
924	240	241	1.0
925	240	260	1.0
926	240	261	1.0
927	241	242	1.0
928	241	260	1.0
929	241	261	1.0
930	241	262	1.0
931	242	243	1.0
932	242	261	1.0
933	242	262	1.0
934	242	263	1.0
935	243	244	1.0
936	243	262	1.0
937	243	263	1.0
938	243	264	1.0
939	244	245	1.0
940	244	263	1.0
941	244	264	1.0
942	244	265	1.0
943	245	246	1.0
944	245	264	1.0
945	245	265	1.0
946	245	266	1.0
947	246	247	1.0
948	246	265	1.0
949	246	266	1.0
950	246	267	1.0
951	247	248	1.0
952	247	266	1.0
953	247	267	1.0
954	247	268	1.0
955	248	249	1.0
956	248	267	1.0
957	248	268	1.0
958	248	269	1.0
959	249	250	1.0
960	249	268	1.0
961	249	269	1.0
962	249	270	1.0
963	250	251	1.0
964	250	269	1.0
965	250	270	1.0
966	250	271	1.0
967	251	252	1.0
968	251	270	1.0
969	251	271	1.0
970	251	272	1.0
971	252	253	1.0
972	252	271	1.0
973	252	272	1.0
974	252	273	1.0
975	253	254	1.0
976	253	272	1.0
977	253	273	1.0
978	253	274	1.0
979	254	255	1.0
980	254	273	1.0
981	254	274	1.0
982	254	275	1.0
983	255	256	1.0
984	255	274	1.0
985	255	275	1.0
986	255	276	1.0
987	256	257	1.0
988	256	275	1.0
989	256	276	1.0
990	256	277	1.0
991	257	258	1.0
992	257	276	1.0
993	257	277	1.0
994	257	278	1.0
995	258	259	1.0
996	258	277	1.0
997	258	278	1.0
998	258	279	1.0
999	259	278	1.0
1000	259	279	1.0
1001	260	261	1.0
1002	260	280	1.0
1003	260	281	1.0
1004	261	262	1.0
1005	261	280	1.0
1006	261	281	1.0
1007	261	282	1.0
1008	262	263	1.0
1009	262	281	1.0
1010	262	282	1.0
1011	262	283	1.0
1012	263	264	1.0
1013	263	282	1.0
1014	263	283	1.0
1015	263	284	1.0
1016	264	265	1.0
1017	264	283	1.0
1018	264	284	1.0
1019	264	285	1.0
1020	265	266	1.0
1021	265	284	1.0
1022	265	285	1.0
1023	265	286	1.0
1024	266	267	1.0
1025	266	285	1.0
1026	266	286	1.0
1027	266	287	1.0
1028	267	268	1.0
1029	267	286	1.0
1030	267	287	1.0
1031	267	288	1.0
1032	268	269	1.0
1033	268	287	1.0
1034	268	288	1.0
1035	268	289	1.0
1036	269	270	1.0
1037	269	288	1.0
1038	269	289	1.0
1039	269	290	1.0
1040	270	271	1.0
1041	270	289	1.0
1042	270	290	1.0
1043	270	291	1.0
1044	271	272	1.0
1045	271	290	1.0
1046	271	291	1.0
1047	271	292	1.0
1048	272	273	1.0
1049	272	291	1.0
1050	272	292	1.0
1051	272	293	1.0
1052	273	274	1.0
1053	273	292	1.0
1054	273	293	1.0
1055	273	294	1.0
1056	274	275	1.0
1057	274	293	1.0
1058	274	294	1.0
1059	274	295	1.0
1060	275	276	1.0
1061	275	294	1.0
1062	275	295	1.0
1063	275	296	1.0
1064	276	277	1.0
1065	276	295	1.0
1066	276	296	1.0
1067	276	297	1.0
1068	277	278	1.0
1069	277	296	1.0
1070	277	297	1.0
1071	277	298	1.0
1072	278	279	1.0
1073	278	297	1.0
1074	278	298	1.0
1075	278	299	1.0
1076	279	298	1.0
1077	279	299	1.0
1078	280	281	1.0
1079	280	300	1.0
1080	280	301	1.0
1081	281	282	1.0
1082	281	300	1.0
1083	281	301	1.0
1084	281	302	1.0
1085	282	283	1.0
1086	282	301	1.0
1087	282	302	1.0
1088	282	303	1.0
1089	283	284	1.0
1090	283	302	1.0
1091	283	303	1.0
1092	283	304	1.0
1093	284	285	1.0
1094	284	303	1.0
1095	284	304	1.0
1096	284	305	1.0
1097	285	286	1.0
1098	285	304	1.0
1099	285	305	1.0
1100	285	306	1.0
1101	286	287	1.0
1102	286	305	1.0
1103	286	306	1.0
1104	286	307	1.0
1105	287	288	1.0
1106	287	306	1.0
1107	287	307	1.0
1108	287	308	1.0
1109	288	289	1.0
1110	288	307	1.0
1111	288	308	1.0
1112	288	309	1.0
1113	289	290	1.0
1114	289	308	1.0
1115	289	309	1.0
1116	289	310	1.0
1117	290	291	1.0
1118	290	309	1.0
1119	290	310	1.0
1120	290	311	1.0
1121	291	292	1.0
1122	291	310	1.0
1123	291	311	1.0
1124	291	312	1.0
1125	292	293	1.0
1126	292	311	1.0
1127	292	312	1.0
1128	292	313	1.0
1129	293	294	1.0
1130	293	312	1.0
1131	293	313	1.0
1132	293	314	1.0
1133	294	295	1.0
1134	294	313	1.0
1135	294	314	1.0
1136	294	315	1.0
1137	295	296	1.0
1138	295	314	1.0
1139	295	315	1.0
1140	295	316	1.0
1141	296	297	1.0
1142	296	315	1.0
1143	296	316	1.0
1144	296	317	1.0
1145	297	298	1.0
1146	297	316	1.0
1147	297	317	1.0
1148	297	318	1.0
1149	298	299	1.0
1150	298	317	1.0
1151	298	318	1.0
1152	298	319	1.0
1153	299	318	1.0
1154	299	319	1.0
1155	300	301	1.0
1156	300	320	1.0
1157	300	321	1.0
1158	301	302	1.0
1159	301	320	1.0
1160	301	321	1.0
1161	301	322	1.0
1162	302	303	1.0
1163	302	321	1.0
1164	302	322	1.0
1165	302	323	1.0
1166	303	304	1.0
1167	303	322	1.0
1168	303	323	1.0
1169	303	324	1.0
1170	304	305	1.0
1171	304	323	1.0
1172	304	324	1.0
1173	304	325	1.0
1174	305	306	1.0
1175	305	324	1.0
1176	305	325	1.0
1177	305	326	1.0
1178	306	307	1.0
1179	306	325	1.0
1180	306	326	1.0
1181	306	327	1.0
1182	307	308	1.0
1183	307	326	1.0
1184	307	327	1.0
1185	307	328	1.0
1186	308	309	1.0
1187	308	327	1.0
1188	308	328	1.0
1189	308	329	1.0
1190	309	310	1.0
1191	309	328	1.0
1192	309	329	1.0
1193	309	330	1.0
1194	310	311	1.0
1195	310	329	1.0
1196	310	330	1.0
1197	310	331	1.0
1198	311	312	1.0
1199	311	330	1.0
1200	311	331	1.0
1201	311	332	1.0
1202	312	313	1.0
1203	312	331	1.0
1204	312	332	1.0
1205	312	333	1.0
1206	313	314	1.0
1207	313	332	1.0
1208	313	333	1.0
1209	313	334	1.0
1210	314	315	1.0
1211	314	333	1.0
1212	314	334	1.0
1213	314	335	1.0
1214	315	316	1.0
1215	315	334	1.0
1216	315	335	1.0
1217	315	336	1.0
1218	316	317	1.0
1219	316	335	1.0
1220	316	336	1.0
1221	316	337	1.0
1222	317	318	1.0
1223	317	336	1.0
1224	317	337	1.0
1225	317	338	1.0
1226	318	319	1.0
1227	318	337	1.0
1228	318	338	1.0
1229	318	339	1.0
1230	319	338	1.0
1231	319	339	1.0
1232	320	321	1.0
1233	320	340	1.0
1234	320	341	1.0
1235	321	322	1.0
1236	321	340	1.0
1237	321	341	1.0
1238	321	342	1.0
1239	322	323	1.0
1240	322	341	1.0
1241	322	342	1.0
1242	322	343	1.0
1243	323	324	1.0
1244	323	342	1.0
1245	323	343	1.0
1246	323	344	1.0
1247	324	325	1.0
1248	324	343	1.0
1249	324	344	1.0
1250	324	345	1.0
1251	325	326	1.0
1252	325	344	1.0
1253	325	345	1.0
1254	325	346	1.0
1255	326	327	1.0
1256	326	345	1.0
1257	326	346	1.0
1258	326	347	1.0
1259	327	328	1.0
1260	327	346	1.0
1261	327	347	1.0
1262	327	348	1.0
1263	328	329	1.0
1264	328	347	1.0
1265	328	348	1.0
1266	328	349	1.0
1267	329	330	1.0
1268	329	348	1.0
1269	329	349	1.0
1270	329	350	1.0
1271	330	331	1.0
1272	330	349	1.0
1273	330	350	1.0
1274	330	351	1.0
1275	331	332	1.0
1276	331	350	1.0
1277	331	351	1.0
1278	331	352	1.0
1279	332	333	1.0
1280	332	351	1.0
1281	332	352	1.0
1282	332	353	1.0
1283	333	334	1.0
1284	333	352	1.0
1285	333	353	1.0
1286	333	354	1.0
1287	334	335	1.0
1288	334	353	1.0
1289	334	354	1.0
1290	334	355	1.0
1291	335	336	1.0
1292	335	354	1.0
1293	335	355	1.0
1294	335	356	1.0
1295	336	337	1.0
1296	336	355	1.0
1297	336	356	1.0
1298	336	357	1.0
1299	337	338	1.0
1300	337	356	1.0
1301	337	357	1.0
1302	337	358	1.0
1303	338	339	1.0
1304	338	357	1.0
1305	338	358	1.0
1306	338	359	1.0
1307	339	358	1.0
1308	339	359	1.0
1309	340	341	1.0
1310	340	360	1.0
1311	340	361	1.0
1312	341	342	1.0
1313	341	360	1.0
1314	341	361	1.0
1315	341	362	1.0
1316	342	343	1.0
1317	342	361	1.0
1318	342	362	1.0
1319	342	363	1.0
1320	343	344	1.0
1321	343	362	1.0
1322	343	363	1.0
1323	343	364	1.0
1324	344	345	1.0
1325	344	363	1.0
1326	344	364	1.0
1327	344	365	1.0
1328	345	346	1.0
1329	345	364	1.0
1330	345	365	1.0
1331	345	366	1.0
1332	346	347	1.0
1333	346	365	1.0
1334	346	366	1.0
1335	346	367	1.0
1336	347	348	1.0
1337	347	366	1.0
1338	347	367	1.0
1339	347	368	1.0
1340	348	349	1.0
1341	348	367	1.0
1342	348	368	1.0
1343	348	369	1.0
1344	349	350	1.0
1345	349	368	1.0
1346	349	369	1.0
1347	349	370	1.0
1348	350	351	1.0
1349	350	369	1.0
1350	350	370	1.0
1351	350	371	1.0
1352	351	352	1.0
1353	351	370	1.0
1354	351	371	1.0
1355	351	372	1.0
1356	352	353	1.0
1357	352	371	1.0
1358	352	372	1.0
1359	352	373	1.0
1360	353	354	1.0
1361	353	372	1.0
1362	353	373	1.0
1363	353	374	1.0
1364	354	355	1.0
1365	354	373	1.0
1366	354	374	1.0
1367	354	375	1.0
1368	355	356	1.0
1369	355	374	1.0
1370	355	375	1.0
1371	355	376	1.0
1372	356	357	1.0
1373	356	375	1.0
1374	356	376	1.0
1375	356	377	1.0
1376	357	358	1.0
1377	357	376	1.0
1378	357	377	1.0
1379	357	378	1.0
1380	358	359	1.0
1381	358	377	1.0
1382	358	378	1.0
1383	358	379	1.0
1384	359	378	1.0
1385	359	379	1.0
1386	360	361	1.0
1387	360	380	1.0
1388	360	381	1.0
1389	361	362	1.0
1390	361	380	1.0
1391	361	381	1.0
1392	361	382	1.0
1393	362	363	1.0
1394	362	381	1.0
1395	362	382	1.0
1396	362	383	1.0
1397	363	364	1.0
1398	363	382	1.0
1399	363	383	1.0
1400	363	384	1.0
1401	364	365	1.0
1402	364	383	1.0
1403	364	384	1.0
1404	364	385	1.0
1405	365	366	1.0
1406	365	384	1.0
1407	365	385	1.0
1408	365	386	1.0
1409	366	367	1.0
1410	366	385	1.0
1411	366	386	1.0
1412	366	387	1.0
1413	367	368	1.0
1414	367	386	1.0
1415	367	387	1.0
1416	367	388	1.0
1417	368	369	1.0
1418	368	387	1.0
1419	368	388	1.0
1420	368	389	1.0
1421	369	370	1.0
1422	369	388	1.0
1423	369	389	1.0
1424	369	390	1.0
1425	370	371	1.0
1426	370	389	1.0
1427	370	390	1.0
1428	370	391	1.0
1429	371	372	1.0
1430	371	390	1.0
1431	371	391	1.0
1432	371	392	1.0
1433	372	373	1.0
1434	372	391	1.0
1435	372	392	1.0
1436	372	393	1.0
1437	373	374	1.0
1438	373	392	1.0
1439	373	393	1.0
1440	373	394	1.0
1441	374	375	1.0
1442	374	393	1.0
1443	374	394	1.0
1444	374	395	1.0
1445	375	376	1.0
1446	375	394	1.0
1447	375	395	1.0
1448	375	396	1.0
1449	376	377	1.0
1450	376	395	1.0
1451	376	396	1.0
1452	376	397	1.0
1453	377	378	1.0
1454	377	396	1.0
1455	377	397	1.0
1456	377	398	1.0
1457	378	379	1.0
1458	378	397	1.0
1459	378	398	1.0
1460	378	399	1.0
1461	379	398	1.0
1462	379	399	1.0
1463	380	381	1.0
1464	381	382	1.0
1465	382	383	1.0
1466	383	384	1.0
1467	384	385	1.0
1468	385	386	1.0
1469	386	387	1.0
1470	387	388	1.0
1471	388	389	1.0
1472	389	390	1.0
1473	390	391	1.0
1474	391	392	1.0
1475	392	393	1.0
1476	393	394	1.0
1477	394	395	1.0
1478	395	396	1.0
1479	396	397	1.0
1480	397	398	1.0
1481	398	399	1.0
1482	1	0	1.0
1483	20	0	1.0
1484	21	0	1.0
1485	2	1	1.0
1486	20	1	1.0
1487	21	1	1.0
1488	22	1	1.0
1489	3	2	1.0
1490	21	2	1.0
1491	22	2	1.0
1492	23	2	1.0
1493	4	3	1.0
1494	22	3	1.0
1495	23	3	1.0
1496	24	3	1.0
1497	5	4	1.0
1498	23	4	1.0
1499	24	4	1.0
1500	25	4	1.0
1501	6	5	1.0
1502	24	5	1.0
1503	25	5	1.0
1504	26	5	1.0
1505	7	6	1.0
1506	25	6	1.0
1507	26	6	1.0
1508	27	6	1.0
1509	8	7	1.0
1510	26	7	1.0
1511	27	7	1.0
1512	28	7	1.0
1513	9	8	1.0
1514	27	8	1.0
1515	28	8	1.0
1516	29	8	1.0
1517	10	9	1.0
1518	28	9	1.0
1519	29	9	1.0
1520	30	9	1.0
1521	11	10	1.0
1522	29	10	1.0
1523	30	10	1.0
1524	31	10	1.0
1525	12	11	1.0
1526	30	11	1.0
1527	31	11	1.0
1528	32	11	1.0
1529	13	12	1.0
1530	31	12	1.0
1531	32	12	1.0
1532	33	12	1.0
1533	14	13	1.0
1534	32	13	1.0
1535	33	13	1.0
1536	34	13	1.0
1537	15	14	1.0
1538	33	14	1.0
1539	34	14	1.0
1540	35	14	1.0
1541	16	15	1.0
1542	34	15	1.0
1543	35	15	1.0
1544	36	15	1.0
1545	17	16	1.0
1546	35	16	1.0
1547	36	16	1.0
1548	37	16	1.0
1549	18	17	1.0
1550	36	17	1.0
1551	37	17	1.0
1552	38	17	1.0
1553	19	18	1.0
1554	37	18	1.0
1555	38	18	1.0
1556	39	18	1.0
1557	38	19	1.0
1558	39	19	1.0
1559	21	20	1.0
1560	40	20	1.0
1561	41	20	1.0
1562	22	21	1.0
1563	40	21	1.0
1564	41	21	1.0
1565	42	21	1.0
1566	23	22	1.0
1567	41	22	1.0
1568	42	22	1.0
1569	43	22	1.0
1570	24	23	1.0
1571	42	23	1.0
1572	43	23	1.0
1573	44	23	1.0
1574	25	24	1.0
1575	43	24	1.0
1576	44	24	1.0
1577	45	24	1.0
1578	26	25	1.0
1579	44	25	1.0
1580	45	25	1.0
1581	46	25	1.0
1582	27	26	1.0
1583	45	26	1.0
1584	46	26	1.0
1585	47	26	1.0
1586	28	27	1.0
1587	46	27	1.0
1588	47	27	1.0
1589	48	27	1.0
1590	29	28	1.0
1591	47	28	1.0
1592	48	28	1.0
1593	49	28	1.0
1594	30	29	1.0
1595	48	29	1.0
1596	49	29	1.0
1597	50	29	1.0
1598	31	30	1.0
1599	49	30	1.0
1600	50	30	1.0
1601	51	30	1.0
1602	32	31	1.0
1603	50	31	1.0
1604	51	31	1.0
1605	52	31	1.0
1606	33	32	1.0
1607	51	32	1.0
1608	52	32	1.0
1609	53	32	1.0
1610	34	33	1.0
1611	52	33	1.0
1612	53	33	1.0
1613	54	33	1.0
1614	35	34	1.0
1615	53	34	1.0
1616	54	34	1.0
1617	55	34	1.0
1618	36	35	1.0
1619	54	35	1.0
1620	55	35	1.0
1621	56	35	1.0
1622	37	36	1.0
1623	55	36	1.0
1624	56	36	1.0
1625	57	36	1.0
1626	38	37	1.0
1627	56	37	1.0
1628	57	37	1.0
1629	58	37	1.0
1630	39	38	1.0
1631	57	38	1.0
1632	58	38	1.0
1633	59	38	1.0
1634	58	39	1.0
1635	59	39	1.0
1636	41	40	1.0
1637	60	40	1.0
1638	61	40	1.0
1639	42	41	1.0
1640	60	41	1.0
1641	61	41	1.0
1642	62	41	1.0
1643	43	42	1.0
1644	61	42	1.0
1645	62	42	1.0
1646	63	42	1.0
1647	44	43	1.0
1648	62	43	1.0
1649	63	43	1.0
1650	64	43	1.0
1651	45	44	1.0
1652	63	44	1.0
1653	64	44	1.0
1654	65	44	1.0
1655	46	45	1.0
1656	64	45	1.0
1657	65	45	1.0
1658	66	45	1.0
1659	47	46	1.0
1660	65	46	1.0
1661	66	46	1.0
1662	67	46	1.0
1663	48	47	1.0
1664	66	47	1.0
1665	67	47	1.0
1666	68	47	1.0
1667	49	48	1.0
1668	67	48	1.0
1669	68	48	1.0
1670	69	48	1.0
1671	50	49	1.0
1672	68	49	1.0
1673	69	49	1.0
1674	70	49	1.0
1675	51	50	1.0
1676	69	50	1.0
1677	70	50	1.0
1678	71	50	1.0
1679	52	51	1.0
1680	70	51	1.0
1681	71	51	1.0
1682	72	51	1.0
1683	53	52	1.0
1684	71	52	1.0
1685	72	52	1.0
1686	73	52	1.0
1687	54	53	1.0
1688	72	53	1.0
1689	73	53	1.0
1690	74	53	1.0
1691	55	54	1.0
1692	73	54	1.0
1693	74	54	1.0
1694	75	54	1.0
1695	56	55	1.0
1696	74	55	1.0
1697	75	55	1.0
1698	76	55	1.0
1699	57	56	1.0
1700	75	56	1.0
1701	76	56	1.0
1702	77	56	1.0
1703	58	57	1.0
1704	76	57	1.0
1705	77	57	1.0
1706	78	57	1.0
1707	59	58	1.0
1708	77	58	1.0
1709	78	58	1.0
1710	79	58	1.0
1711	78	59	1.0
1712	79	59	1.0
1713	61	60	1.0
1714	80	60	1.0
1715	81	60	1.0
1716	62	61	1.0
1717	80	61	1.0
1718	81	61	1.0
1719	82	61	1.0
1720	63	62	1.0
1721	81	62	1.0
1722	82	62	1.0
1723	83	62	1.0
1724	64	63	1.0
1725	82	63	1.0
1726	83	63	1.0
1727	84	63	1.0
1728	65	64	1.0
1729	83	64	1.0
1730	84	64	1.0
1731	85	64	1.0
1732	66	65	1.0
1733	84	65	1.0
1734	85	65	1.0
1735	86	65	1.0
1736	67	66	1.0
1737	85	66	1.0
1738	86	66	1.0
1739	87	66	1.0
1740	68	67	1.0
1741	86	67	1.0
1742	87	67	1.0
1743	88	67	1.0
1744	69	68	1.0
1745	87	68	1.0
1746	88	68	1.0
1747	89	68	1.0
1748	70	69	1.0
1749	88	69	1.0
1750	89	69	1.0
1751	90	69	1.0
1752	71	70	1.0
1753	89	70	1.0
1754	90	70	1.0
1755	91	70	1.0
1756	72	71	1.0
1757	90	71	1.0
1758	91	71	1.0
1759	92	71	1.0
1760	73	72	1.0
1761	91	72	1.0
1762	92	72	1.0
1763	93	72	1.0
1764	74	73	1.0
1765	92	73	1.0
1766	93	73	1.0
1767	94	73	1.0
1768	75	74	1.0
1769	93	74	1.0
1770	94	74	1.0
1771	95	74	1.0
1772	76	75	1.0
1773	94	75	1.0
1774	95	75	1.0
1775	96	75	1.0
1776	77	76	1.0
1777	95	76	1.0
1778	96	76	1.0
1779	97	76	1.0
1780	78	77	1.0
1781	96	77	1.0
1782	97	77	1.0
1783	98	77	1.0
1784	79	78	1.0
1785	97	78	1.0
1786	98	78	1.0
1787	99	78	1.0
1788	98	79	1.0
1789	99	79	1.0
1790	81	80	1.0
1791	100	80	1.0
1792	101	80	1.0
1793	82	81	1.0
1794	100	81	1.0
1795	101	81	1.0
1796	102	81	1.0
1797	83	82	1.0
1798	101	82	1.0
1799	102	82	1.0
1800	103	82	1.0
1801	84	83	1.0
1802	102	83	1.0
1803	103	83	1.0
1804	104	83	1.0
1805	85	84	1.0
1806	103	84	1.0
1807	104	84	1.0
1808	105	84	1.0
1809	86	85	1.0
1810	104	85	1.0
1811	105	85	1.0
1812	106	85	1.0
1813	87	86	1.0
1814	105	86	1.0
1815	106	86	1.0
1816	107	86	1.0
1817	88	87	1.0
1818	106	87	1.0
1819	107	87	1.0
1820	108	87	1.0
1821	89	88	1.0
1822	107	88	1.0
1823	108	88	1.0
1824	109	88	1.0
1825	90	89	1.0
1826	108	89	1.0
1827	109	89	1.0
1828	110	89	1.0
1829	91	90	1.0
1830	109	90	1.0
1831	110	90	1.0
1832	111	90	1.0
1833	92	91	1.0
1834	110	91	1.0
1835	111	91	1.0
1836	112	91	1.0
1837	93	92	1.0
1838	111	92	1.0
1839	112	92	1.0
1840	113	92	1.0
1841	94	93	1.0
1842	112	93	1.0
1843	113	93	1.0
1844	114	93	1.0
1845	95	94	1.0
1846	113	94	1.0
1847	114	94	1.0
1848	115	94	1.0
1849	96	95	1.0
1850	114	95	1.0
1851	115	95	1.0
1852	116	95	1.0
1853	97	96	1.0
1854	115	96	1.0
1855	116	96	1.0
1856	117	96	1.0
1857	98	97	1.0
1858	116	97	1.0
1859	117	97	1.0
1860	118	97	1.0
1861	99	98	1.0
1862	117	98	1.0
1863	118	98	1.0
1864	119	98	1.0
1865	118	99	1.0
1866	119	99	1.0
1867	101	100	1.0
1868	120	100	1.0
1869	121	100	1.0
1870	102	101	1.0
1871	120	101	1.0
1872	121	101	1.0
1873	122	101	1.0
1874	103	102	1.0
1875	121	102	1.0
1876	122	102	1.0
1877	123	102	1.0
1878	104	103	1.0
1879	122	103	1.0
1880	123	103	1.0
1881	124	103	1.0
1882	105	104	1.0
1883	123	104	1.0
1884	124	104	1.0
1885	125	104	1.0
1886	106	105	1.0
1887	124	105	1.0
1888	125	105	1.0
1889	126	105	1.0
1890	107	106	1.0
1891	125	106	1.0
1892	126	106	1.0
1893	127	106	1.0
1894	108	107	1.0
1895	126	107	1.0
1896	127	107	1.0
1897	128	107	1.0
1898	109	108	1.0
1899	127	108	1.0
1900	128	108	1.0
1901	129	108	1.0
1902	110	109	1.0
1903	128	109	1.0
1904	129	109	1.0
1905	130	109	1.0
1906	111	110	1.0
1907	129	110	1.0
1908	130	110	1.0
1909	131	110	1.0
1910	112	111	1.0
1911	130	111	1.0
1912	131	111	1.0
1913	132	111	1.0
1914	113	112	1.0
1915	131	112	1.0
1916	132	112	1.0
1917	133	112	1.0
1918	114	113	1.0
1919	132	113	1.0
1920	133	113	1.0
1921	134	113	1.0
1922	115	114	1.0
1923	133	114	1.0
1924	134	114	1.0
1925	135	114	1.0
1926	116	115	1.0
1927	134	115	1.0
1928	135	115	1.0
1929	136	115	1.0
1930	117	116	1.0
1931	135	116	1.0
1932	136	116	1.0
1933	137	116	1.0
1934	118	117	1.0
1935	136	117	1.0
1936	137	117	1.0
1937	138	117	1.0
1938	119	118	1.0
1939	137	118	1.0
1940	138	118	1.0
1941	139	118	1.0
1942	138	119	1.0
1943	139	119	1.0
1944	121	120	1.0
1945	140	120	1.0
1946	141	120	1.0
1947	122	121	1.0
1948	140	121	1.0
1949	141	121	1.0
1950	142	121	1.0
1951	123	122	1.0
1952	141	122	1.0
1953	142	122	1.0
1954	143	122	1.0
1955	124	123	1.0
1956	142	123	1.0
1957	143	123	1.0
1958	144	123	1.0
1959	125	124	1.0
1960	143	124	1.0
1961	144	124	1.0
1962	145	124	1.0
1963	126	125	1.0
1964	144	125	1.0
1965	145	125	1.0
1966	146	125	1.0
1967	127	126	1.0
1968	145	126	1.0
1969	146	126	1.0
1970	147	126	1.0
1971	128	127	1.0
1972	146	127	1.0
1973	147	127	1.0
1974	148	127	1.0
1975	129	128	1.0
1976	147	128	1.0
1977	148	128	1.0
1978	149	128	1.0
1979	130	129	1.0
1980	148	129	1.0
1981	149	129	1.0
1982	150	129	1.0
1983	131	130	1.0
1984	149	130	1.0
1985	150	130	1.0
1986	151	130	1.0
1987	132	131	1.0
1988	150	131	1.0
1989	151	131	1.0
1990	152	131	1.0
1991	133	132	1.0
1992	151	132	1.0
1993	152	132	1.0
1994	153	132	1.0
1995	134	133	1.0
1996	152	133	1.0
1997	153	133	1.0
1998	154	133	1.0
1999	135	134	1.0
2000	153	134	1.0
2001	154	134	1.0
2002	155	134	1.0
2003	136	135	1.0
2004	154	135	1.0
2005	155	135	1.0
2006	156	135	1.0
2007	137	136	1.0
2008	155	136	1.0
2009	156	136	1.0
2010	157	136	1.0
2011	138	137	1.0
2012	156	137	1.0
2013	157	137	1.0
2014	158	137	1.0
2015	139	138	1.0
2016	157	138	1.0
2017	158	138	1.0
2018	159	138	1.0
2019	158	139	1.0
2020	159	139	1.0
2021	141	140	1.0
2022	160	140	1.0
2023	161	140	1.0
2024	142	141	1.0
2025	160	141	1.0
2026	161	141	1.0
2027	162	141	1.0
2028	143	142	1.0
2029	161	142	1.0
2030	162	142	1.0
2031	163	142	1.0
2032	144	143	1.0
2033	162	143	1.0
2034	163	143	1.0
2035	164	143	1.0
2036	145	144	1.0
2037	163	144	1.0
2038	164	144	1.0
2039	165	144	1.0
2040	146	145	1.0
2041	164	145	1.0
2042	165	145	1.0
2043	166	145	1.0
2044	147	146	1.0
2045	165	146	1.0
2046	166	146	1.0
2047	167	146	1.0
2048	148	147	1.0
2049	166	147	1.0
2050	167	147	1.0
2051	168	147	1.0
2052	149	148	1.0
2053	167	148	1.0
2054	168	148	1.0
2055	169	148	1.0
2056	150	149	1.0
2057	168	149	1.0
2058	169	149	1.0
2059	170	149	1.0
2060	151	150	1.0
2061	169	150	1.0
2062	170	150	1.0
2063	171	150	1.0
2064	152	151	1.0
2065	170	151	1.0
2066	171	151	1.0
2067	172	151	1.0
2068	153	152	1.0
2069	171	152	1.0
2070	172	152	1.0
2071	173	152	1.0
2072	154	153	1.0
2073	172	153	1.0
2074	173	153	1.0
2075	174	153	1.0
2076	155	154	1.0
2077	173	154	1.0
2078	174	154	1.0
2079	175	154	1.0
2080	156	155	1.0
2081	174	155	1.0
2082	175	155	1.0
2083	176	155	1.0
2084	157	156	1.0
2085	175	156	1.0
2086	176	156	1.0
2087	177	156	1.0
2088	158	157	1.0
2089	176	157	1.0
2090	177	157	1.0
2091	178	157	1.0
2092	159	158	1.0
2093	177	158	1.0
2094	178	158	1.0
2095	179	158	1.0
2096	178	159	1.0
2097	179	159	1.0
2098	161	160	1.0
2099	180	160	1.0
2100	181	160	1.0
2101	162	161	1.0
2102	180	161	1.0
2103	181	161	1.0
2104	182	161	1.0
2105	163	162	1.0
2106	181	162	1.0
2107	182	162	1.0
2108	183	162	1.0
2109	164	163	1.0
2110	182	163	1.0
2111	183	163	1.0
2112	184	163	1.0
2113	165	164	1.0
2114	183	164	1.0
2115	184	164	1.0
2116	185	164	1.0
2117	166	165	1.0
2118	184	165	1.0
2119	185	165	1.0
2120	186	165	1.0
2121	167	166	1.0
2122	185	166	1.0
2123	186	166	1.0
2124	187	166	1.0
2125	168	167	1.0
2126	186	167	1.0
2127	187	167	1.0
2128	188	167	1.0
2129	169	168	1.0
2130	187	168	1.0
2131	188	168	1.0
2132	189	168	1.0
2133	170	169	1.0
2134	188	169	1.0
2135	189	169	1.0
2136	190	169	1.0
2137	171	170	1.0
2138	189	170	1.0
2139	190	170	1.0
2140	191	170	1.0
2141	172	171	1.0
2142	190	171	1.0
2143	191	171	1.0
2144	192	171	1.0
2145	173	172	1.0
2146	191	172	1.0
2147	192	172	1.0
2148	193	172	1.0
2149	174	173	1.0
2150	192	173	1.0
2151	193	173	1.0
2152	194	173	1.0
2153	175	174	1.0
2154	193	174	1.0
2155	194	174	1.0
2156	195	174	1.0
2157	176	175	1.0
2158	194	175	1.0
2159	195	175	1.0
2160	196	175	1.0
2161	177	176	1.0
2162	195	176	1.0
2163	196	176	1.0
2164	197	176	1.0
2165	178	177	1.0
2166	196	177	1.0
2167	197	177	1.0
2168	198	177	1.0
2169	179	178	1.0
2170	197	178	1.0
2171	198	178	1.0
2172	199	178	1.0
2173	198	179	1.0
2174	199	179	1.0
2175	181	180	1.0
2176	200	180	1.0
2177	201	180	1.0
2178	182	181	1.0
2179	200	181	1.0
2180	201	181	1.0
2181	202	181	1.0
2182	183	182	1.0
2183	201	182	1.0
2184	202	182	1.0
2185	203	182	1.0
2186	184	183	1.0
2187	202	183	1.0
2188	203	183	1.0
2189	204	183	1.0
2190	185	184	1.0
2191	203	184	1.0
2192	204	184	1.0
2193	205	184	1.0
2194	186	185	1.0
2195	204	185	1.0
2196	205	185	1.0
2197	206	185	1.0
2198	187	186	1.0
2199	205	186	1.0
2200	206	186	1.0
2201	207	186	1.0
2202	188	187	1.0
2203	206	187	1.0
2204	207	187	1.0
2205	208	187	1.0
2206	189	188	1.0
2207	207	188	1.0
2208	208	188	1.0
2209	209	188	1.0
2210	190	189	1.0
2211	208	189	1.0
2212	209	189	1.0
2213	210	189	1.0
2214	191	190	1.0
2215	209	190	1.0
2216	210	190	1.0
2217	211	190	1.0
2218	192	191	1.0
2219	210	191	1.0
2220	211	191	1.0
2221	212	191	1.0
2222	193	192	1.0
2223	211	192	1.0
2224	212	192	1.0
2225	213	192	1.0
2226	194	193	1.0
2227	212	193	1.0
2228	213	193	1.0
2229	214	193	1.0
2230	195	194	1.0
2231	213	194	1.0
2232	214	194	1.0
2233	215	194	1.0
2234	196	195	1.0
2235	214	195	1.0
2236	215	195	1.0
2237	216	195	1.0
2238	197	196	1.0
2239	215	196	1.0
2240	216	196	1.0
2241	217	196	1.0
2242	198	197	1.0
2243	216	197	1.0
2244	217	197	1.0
2245	218	197	1.0
2246	199	198	1.0
2247	217	198	1.0
2248	218	198	1.0
2249	219	198	1.0
2250	218	199	1.0
2251	219	199	1.0
2252	201	200	1.0
2253	220	200	1.0
2254	221	200	1.0
2255	202	201	1.0
2256	220	201	1.0
2257	221	201	1.0
2258	222	201	1.0
2259	203	202	1.0
2260	221	202	1.0
2261	222	202	1.0
2262	223	202	1.0
2263	204	203	1.0
2264	222	203	1.0
2265	223	203	1.0
2266	224	203	1.0
2267	205	204	1.0
2268	223	204	1.0
2269	224	204	1.0
2270	225	204	1.0
2271	206	205	1.0
2272	224	205	1.0
2273	225	205	1.0
2274	226	205	1.0
2275	207	206	1.0
2276	225	206	1.0
2277	226	206	1.0
2278	227	206	1.0
2279	208	207	1.0
2280	226	207	1.0
2281	227	207	1.0
2282	228	207	1.0
2283	209	208	1.0
2284	227	208	1.0
2285	228	208	1.0
2286	229	208	1.0
2287	210	209	1.0
2288	228	209	1.0
2289	229	209	1.0
2290	230	209	1.0
2291	211	210	1.0
2292	229	210	1.0
2293	230	210	1.0
2294	231	210	1.0
2295	212	211	1.0
2296	230	211	1.0
2297	231	211	1.0
2298	232	211	1.0
2299	213	212	1.0
2300	231	212	1.0
2301	232	212	1.0
2302	233	212	1.0
2303	214	213	1.0
2304	232	213	1.0
2305	233	213	1.0
2306	234	213	1.0
2307	215	214	1.0
2308	233	214	1.0
2309	234	214	1.0
2310	235	214	1.0
2311	216	215	1.0
2312	234	215	1.0
2313	235	215	1.0
2314	236	215	1.0
2315	217	216	1.0
2316	235	216	1.0
2317	236	216	1.0
2318	237	216	1.0
2319	218	217	1.0
2320	236	217	1.0
2321	237	217	1.0
2322	238	217	1.0
2323	219	218	1.0
2324	237	218	1.0
2325	238	218	1.0
2326	239	218	1.0
2327	238	219	1.0
2328	239	219	1.0
2329	221	220	1.0
2330	240	220	1.0
2331	241	220	1.0
2332	222	221	1.0
2333	240	221	1.0
2334	241	221	1.0
2335	242	221	1.0
2336	223	222	1.0
2337	241	222	1.0
2338	242	222	1.0
2339	243	222	1.0
2340	224	223	1.0
2341	242	223	1.0
2342	243	223	1.0
2343	244	223	1.0
2344	225	224	1.0
2345	243	224	1.0
2346	244	224	1.0
2347	245	224	1.0
2348	226	225	1.0
2349	244	225	1.0
2350	245	225	1.0
2351	246	225	1.0
2352	227	226	1.0
2353	245	226	1.0
2354	246	226	1.0
2355	247	226	1.0
2356	228	227	1.0
2357	246	227	1.0
2358	247	227	1.0
2359	248	227	1.0
2360	229	228	1.0
2361	247	228	1.0
2362	248	228	1.0
2363	249	228	1.0
2364	230	229	1.0
2365	248	229	1.0
2366	249	229	1.0
2367	250	229	1.0
2368	231	230	1.0
2369	249	230	1.0
2370	250	230	1.0
2371	251	230	1.0
2372	232	231	1.0
2373	250	231	1.0
2374	251	231	1.0
2375	252	231	1.0
2376	233	232	1.0
2377	251	232	1.0
2378	252	232	1.0
2379	253	232	1.0
2380	234	233	1.0
2381	252	233	1.0
2382	253	233	1.0
2383	254	233	1.0
2384	235	234	1.0
2385	253	234	1.0
2386	254	234	1.0
2387	255	234	1.0
2388	236	235	1.0
2389	254	235	1.0
2390	255	235	1.0
2391	256	235	1.0
2392	237	236	1.0
2393	255	236	1.0
2394	256	236	1.0
2395	257	236	1.0
2396	238	237	1.0
2397	256	237	1.0
2398	257	237	1.0
2399	258	237	1.0
2400	239	238	1.0
2401	257	238	1.0
2402	258	238	1.0
2403	259	238	1.0
2404	258	239	1.0
2405	259	239	1.0
2406	241	240	1.0
2407	260	240	1.0
2408	261	240	1.0
2409	242	241	1.0
2410	260	241	1.0
2411	261	241	1.0
2412	262	241	1.0
2413	243	242	1.0
2414	261	242	1.0
2415	262	242	1.0
2416	263	242	1.0
2417	244	243	1.0
2418	262	243	1.0
2419	263	243	1.0
2420	264	243	1.0
2421	245	244	1.0
2422	263	244	1.0
2423	264	244	1.0
2424	265	244	1.0
2425	246	245	1.0
2426	264	245	1.0
2427	265	245	1.0
2428	266	245	1.0
2429	247	246	1.0
2430	265	246	1.0
2431	266	246	1.0
2432	267	246	1.0
2433	248	247	1.0
2434	266	247	1.0
2435	267	247	1.0
2436	268	247	1.0
2437	249	248	1.0
2438	267	248	1.0
2439	268	248	1.0
2440	269	248	1.0
2441	250	249	1.0
2442	268	249	1.0
2443	269	249	1.0
2444	270	249	1.0
2445	251	250	1.0
2446	269	250	1.0
2447	270	250	1.0
2448	271	250	1.0
2449	252	251	1.0
2450	270	251	1.0
2451	271	251	1.0
2452	272	251	1.0
2453	253	252	1.0
2454	271	252	1.0
2455	272	252	1.0
2456	273	252	1.0
2457	254	253	1.0
2458	272	253	1.0
2459	273	253	1.0
2460	274	253	1.0
2461	255	254	1.0
2462	273	254	1.0
2463	274	254	1.0
2464	275	254	1.0
2465	256	255	1.0
2466	274	255	1.0
2467	275	255	1.0
2468	276	255	1.0
2469	257	256	1.0
2470	275	256	1.0
2471	276	256	1.0
2472	277	256	1.0
2473	258	257	1.0
2474	276	257	1.0
2475	277	257	1.0
2476	278	257	1.0
2477	259	258	1.0
2478	277	258	1.0
2479	278	258	1.0
2480	279	258	1.0
2481	278	259	1.0
2482	279	259	1.0
2483	261	260	1.0
2484	280	260	1.0
2485	281	260	1.0
2486	262	261	1.0
2487	280	261	1.0
2488	281	261	1.0
2489	282	261	1.0
2490	263	262	1.0
2491	281	262	1.0
2492	282	262	1.0
2493	283	262	1.0
2494	264	263	1.0
2495	282	263	1.0
2496	283	263	1.0
2497	284	263	1.0
2498	265	264	1.0
2499	283	264	1.0
2500	284	264	1.0
2501	285	264	1.0
2502	266	265	1.0
2503	284	265	1.0
2504	285	265	1.0
2505	286	265	1.0
2506	267	266	1.0
2507	285	266	1.0
2508	286	266	1.0
2509	287	266	1.0
2510	268	267	1.0
2511	286	267	1.0
2512	287	267	1.0
2513	288	267	1.0
2514	269	268	1.0
2515	287	268	1.0
2516	288	268	1.0
2517	289	268	1.0
2518	270	269	1.0
2519	288	269	1.0
2520	289	269	1.0
2521	290	269	1.0
2522	271	270	1.0
2523	289	270	1.0
2524	290	270	1.0
2525	291	270	1.0
2526	272	271	1.0
2527	290	271	1.0
2528	291	271	1.0
2529	292	271	1.0
2530	273	272	1.0
2531	291	272	1.0
2532	292	272	1.0
2533	293	272	1.0
2534	274	273	1.0
2535	292	273	1.0
2536	293	273	1.0
2537	294	273	1.0
2538	275	274	1.0
2539	293	274	1.0
2540	294	274	1.0
2541	295	274	1.0
2542	276	275	1.0
2543	294	275	1.0
2544	295	275	1.0
2545	296	275	1.0
2546	277	276	1.0
2547	295	276	1.0
2548	296	276	1.0
2549	297	276	1.0
2550	278	277	1.0
2551	296	277	1.0
2552	297	277	1.0
2553	298	277	1.0
2554	279	278	1.0
2555	297	278	1.0
2556	298	278	1.0
2557	299	278	1.0
2558	298	279	1.0
2559	299	279	1.0
2560	281	280	1.0
2561	300	280	1.0
2562	301	280	1.0
2563	282	281	1.0
2564	300	281	1.0
2565	301	281	1.0
2566	302	281	1.0
2567	283	282	1.0
2568	301	282	1.0
2569	302	282	1.0
2570	303	282	1.0
2571	284	283	1.0
2572	302	283	1.0
2573	303	283	1.0
2574	304	283	1.0
2575	285	284	1.0
2576	303	284	1.0
2577	304	284	1.0
2578	305	284	1.0
2579	286	285	1.0
2580	304	285	1.0
2581	305	285	1.0
2582	306	285	1.0
2583	287	286	1.0
2584	305	286	1.0
2585	306	286	1.0
2586	307	286	1.0
2587	288	287	1.0
2588	306	287	1.0
2589	307	287	1.0
2590	308	287	1.0
2591	289	288	1.0
2592	307	288	1.0
2593	308	288	1.0
2594	309	288	1.0
2595	290	289	1.0
2596	308	289	1.0
2597	309	289	1.0
2598	310	289	1.0
2599	291	290	1.0
2600	309	290	1.0
2601	310	290	1.0
2602	311	290	1.0
2603	292	291	1.0
2604	310	291	1.0
2605	311	291	1.0
2606	312	291	1.0
2607	293	292	1.0
2608	311	292	1.0
2609	312	292	1.0
2610	313	292	1.0
2611	294	293	1.0
2612	312	293	1.0
2613	313	293	1.0
2614	314	293	1.0
2615	295	294	1.0
2616	313	294	1.0
2617	314	294	1.0
2618	315	294	1.0
2619	296	295	1.0
2620	314	295	1.0
2621	315	295	1.0
2622	316	295	1.0
2623	297	296	1.0
2624	315	296	1.0
2625	316	296	1.0
2626	317	296	1.0
2627	298	297	1.0
2628	316	297	1.0
2629	317	297	1.0
2630	318	297	1.0
2631	299	298	1.0
2632	317	298	1.0
2633	318	298	1.0
2634	319	298	1.0
2635	318	299	1.0
2636	319	299	1.0
2637	301	300	1.0
2638	320	300	1.0
2639	321	300	1.0
2640	302	301	1.0
2641	320	301	1.0
2642	321	301	1.0
2643	322	301	1.0
2644	303	302	1.0
2645	321	302	1.0
2646	322	302	1.0
2647	323	302	1.0
2648	304	303	1.0
2649	322	303	1.0
2650	323	303	1.0
2651	324	303	1.0
2652	305	304	1.0
2653	323	304	1.0
2654	324	304	1.0
2655	325	304	1.0
2656	306	305	1.0
2657	324	305	1.0
2658	325	305	1.0
2659	326	305	1.0
2660	307	306	1.0
2661	325	306	1.0
2662	326	306	1.0
2663	327	306	1.0
2664	308	307	1.0
2665	326	307	1.0
2666	327	307	1.0
2667	328	307	1.0
2668	309	308	1.0
2669	327	308	1.0
2670	328	308	1.0
2671	329	308	1.0
2672	310	309	1.0
2673	328	309	1.0
2674	329	309	1.0
2675	330	309	1.0
2676	311	310	1.0
2677	329	310	1.0
2678	330	310	1.0
2679	331	310	1.0
2680	312	311	1.0
2681	330	311	1.0
2682	331	311	1.0
2683	332	311	1.0
2684	313	312	1.0
2685	331	312	1.0
2686	332	312	1.0
2687	333	312	1.0
2688	314	313	1.0
2689	332	313	1.0
2690	333	313	1.0
2691	334	313	1.0
2692	315	314	1.0
2693	333	314	1.0
2694	334	314	1.0
2695	335	314	1.0
2696	316	315	1.0
2697	334	315	1.0
2698	335	315	1.0
2699	336	315	1.0
2700	317	316	1.0
2701	335	316	1.0
2702	336	316	1.0
2703	337	316	1.0
2704	318	317	1.0
2705	336	317	1.0
2706	337	317	1.0
2707	338	317	1.0
2708	319	318	1.0
2709	337	318	1.0
2710	338	318	1.0
2711	339	318	1.0
2712	338	319	1.0
2713	339	319	1.0
2714	321	320	1.0
2715	340	320	1.0
2716	341	320	1.0
2717	322	321	1.0
2718	340	321	1.0
2719	341	321	1.0
2720	342	321	1.0
2721	323	322	1.0
2722	341	322	1.0
2723	342	322	1.0
2724	343	322	1.0
2725	324	323	1.0
2726	342	323	1.0
2727	343	323	1.0
2728	344	323	1.0
2729	325	324	1.0
2730	343	324	1.0
2731	344	324	1.0
2732	345	324	1.0
2733	326	325	1.0
2734	344	325	1.0
2735	345	325	1.0
2736	346	325	1.0
2737	327	326	1.0
2738	345	326	1.0
2739	346	326	1.0
2740	347	326	1.0
2741	328	327	1.0
2742	346	327	1.0
2743	347	327	1.0
2744	348	327	1.0
2745	329	328	1.0
2746	347	328	1.0
2747	348	328	1.0
2748	349	328	1.0
2749	330	329	1.0
2750	348	329	1.0
2751	349	329	1.0
2752	350	329	1.0
2753	331	330	1.0
2754	349	330	1.0
2755	350	330	1.0
2756	351	330	1.0
2757	332	331	1.0
2758	350	331	1.0
2759	351	331	1.0
2760	352	331	1.0
2761	333	332	1.0
2762	351	332	1.0
2763	352	332	1.0
2764	353	332	1.0
2765	334	333	1.0
2766	352	333	1.0
2767	353	333	1.0
2768	354	333	1.0
2769	335	334	1.0
2770	353	334	1.0
2771	354	334	1.0
2772	355	334	1.0
2773	336	335	1.0
2774	354	335	1.0
2775	355	335	1.0
2776	356	335	1.0
2777	337	336	1.0
2778	355	336	1.0
2779	356	336	1.0
2780	357	336	1.0
2781	338	337	1.0
2782	356	337	1.0
2783	357	337	1.0
2784	358	337	1.0
2785	339	338	1.0
2786	357	338	1.0
2787	358	338	1.0
2788	359	338	1.0
2789	358	339	1.0
2790	359	339	1.0
2791	341	340	1.0
2792	360	340	1.0
2793	361	340	1.0
2794	342	341	1.0
2795	360	341	1.0
2796	361	341	1.0
2797	362	341	1.0
2798	343	342	1.0
2799	361	342	1.0
2800	362	342	1.0
2801	363	342	1.0
2802	344	343	1.0
2803	362	343	1.0
2804	363	343	1.0
2805	364	343	1.0
2806	345	344	1.0
2807	363	344	1.0
2808	364	344	1.0
2809	365	344	1.0
2810	346	345	1.0
2811	364	345	1.0
2812	365	345	1.0
2813	366	345	1.0
2814	347	346	1.0
2815	365	346	1.0
2816	366	346	1.0
2817	367	346	1.0
2818	348	347	1.0
2819	366	347	1.0
2820	367	347	1.0
2821	368	347	1.0
2822	349	348	1.0
2823	367	348	1.0
2824	368	348	1.0
2825	369	348	1.0
2826	350	349	1.0
2827	368	349	1.0
2828	369	349	1.0
2829	370	349	1.0
2830	351	350	1.0
2831	369	350	1.0
2832	370	350	1.0
2833	371	350	1.0
2834	352	351	1.0
2835	370	351	1.0
2836	371	351	1.0
2837	372	351	1.0
2838	353	352	1.0
2839	371	352	1.0
2840	372	352	1.0
2841	373	352	1.0
2842	354	353	1.0
2843	372	353	1.0
2844	373	353	1.0
2845	374	353	1.0
2846	355	354	1.0
2847	373	354	1.0
2848	374	354	1.0
2849	375	354	1.0
2850	356	355	1.0
2851	374	355	1.0
2852	375	355	1.0
2853	376	355	1.0
2854	357	356	1.0
2855	375	356	1.0
2856	376	356	1.0
2857	377	356	1.0
2858	358	357	1.0
2859	376	357	1.0
2860	377	357	1.0
2861	378	357	1.0
2862	359	358	1.0
2863	377	358	1.0
2864	378	358	1.0
2865	379	358	1.0
2866	378	359	1.0
2867	379	359	1.0
2868	361	360	1.0
2869	380	360	1.0
2870	381	360	1.0
2871	362	361	1.0
2872	380	361	1.0
2873	381	361	1.0
2874	382	361	1.0
2875	363	362	1.0
2876	381	362	1.0
2877	382	362	1.0
2878	383	362	1.0
2879	364	363	1.0
2880	382	363	1.0
2881	383	363	1.0
2882	384	363	1.0
2883	365	364	1.0
2884	383	364	1.0
2885	384	364	1.0
2886	385	364	1.0
2887	366	365	1.0
2888	384	365	1.0
2889	385	365	1.0
2890	386	365	1.0
2891	367	366	1.0
2892	385	366	1.0
2893	386	366	1.0
2894	387	366	1.0
2895	368	367	1.0
2896	386	367	1.0
2897	387	367	1.0
2898	388	367	1.0
2899	369	368	1.0
2900	387	368	1.0
2901	388	368	1.0
2902	389	368	1.0
2903	370	369	1.0
2904	388	369	1.0
2905	389	369	1.0
2906	390	369	1.0
2907	371	370	1.0
2908	389	370	1.0
2909	390	370	1.0
2910	391	370	1.0
2911	372	371	1.0
2912	390	371	1.0
2913	391	371	1.0
2914	392	371	1.0
2915	373	372	1.0
2916	391	372	1.0
2917	392	372	1.0
2918	393	372	1.0
2919	374	373	1.0
2920	392	373	1.0
2921	393	373	1.0
2922	394	373	1.0
2923	375	374	1.0
2924	393	374	1.0
2925	394	374	1.0
2926	395	374	1.0
2927	376	375	1.0
2928	394	375	1.0
2929	395	375	1.0
2930	396	375	1.0
2931	377	376	1.0
2932	395	376	1.0
2933	396	376	1.0
2934	397	376	1.0
2935	378	377	1.0
2936	396	377	1.0
2937	397	377	1.0
2938	398	377	1.0
2939	379	378	1.0
2940	397	378	1.0
2941	398	378	1.0
2942	399	378	1.0
2943	398	379	1.0
2944	399	379	1.0
2945	381	380	1.0
2946	382	381	1.0
2947	383	382	1.0
2948	384	383	1.0
2949	385	384	1.0
2950	386	385	1.0
2951	387	386	1.0
2952	388	387	1.0
2953	389	388	1.0
2954	390	389	1.0
2955	391	390	1.0
2956	392	391	1.0
2957	393	392	1.0
2958	394	393	1.0
2959	395	394	1.0
2960	396	395	1.0
2961	397	396	1.0
2962	398	397	1.0
2963	399	398	1.0
