6000	4
539	545	626
704	708	712	719
800	878	885
966	1044	1051
1129	1133	1140	1218
1225	1306
1232	1235	2649
1166	1170	1174	1178
1182	1186	1190
1194	1198	1202
1206	1210	2624	1141
1145	1149
1078	1081	1085
1089	1093	1097	2511
1028	1032	2446
963	967	971
975	979	983	2397
914	918
79	160	241
319	323	330	411
489	496	577
658	736	743
821	828	909	987
994	1075
233	314	395
473	477	484	565
646	727	808
889	967	974
1055	1136	1217	1295
1302	1383
616	619	623
627	631	635	2049
566	570	1984
501	505	1919
436	440	444	448
1862	379
1155	1158	1162
1166	1170	1174	1178
1182	1186	1190
1194	1198	1205
1283	1287	1291	1295
1299	1303
308	314	395
473	477	481	488
569	647	654
735	813	820
898	902	906	913
994	1075
1232	1235	1239
1243	1247	1251	1255
2669	1186	1190
1194	1198	1202
1206	1210	1214	1218
1222	1226
231	234	241
319	323	330	411
489	493	500
578	582	589
667	674	755	833
840	918
693	696	700
704	708	712	719
797	801	805
809	813	820
898	902	906	910
914	918
924	2337	2264
781	2195	2122	639
2053	570	1984
1911	428	1842
359	363	367	1781
1708	1634
231	234	241
319	323	327	331
335	339	346
424	428	435
513	517	521	525
532	610
924	927	2341
858	862	866	2280
797	801	2215
732	736	2150
667	671	2085	602
2016	533
924	2337	2264
781	785	789	2203
720	2134	2061
578	582	1996
513	517	1931	1858
1785	1711
77	83	164
242	246	253	334
415	493	500
581	659	666
744	751	832	910
917	998
1463	1464	2880
1397	1401	1405	2819
1336	1340	2754
1271	1275	1279
1283	1287	2701	1218
2632	1149
154	157	161
165	169	173	177
181	185	189
193	197	201
205	209	213	217
221	225
847	850	857
935	939	943	947
951	955	962
1040	1044	1048
1052	1056	1060	1064
1071	1149
1078	1081	1085
1089	1093	1097	1101
1105	1109	1113
1117	1121	1125
1129	1133	1137	1141
1145	1149
1078	1081	2495
1012	2426	2353	870
874	878	2292
2219	736	2150
667	671	2085	602
2016	1942
0	3	10
88	92	96	103
184	262	266
270	274	281
359	366	447	525
532	610
77	83	164
242	246	250	257
335	342	423
504	582	589
667	671	675	682
763	844
1155	2568	2495
1012	2426	2353	870
2284	2211	2138
2065	582	1996
513	517	1931	1858
1785	1711
924	2337	2264
781	2195	2122	639
2053	570	1984
1911	428	1842
359	1773	1700	217
1631	1557
154	157	161
165	169	173	180
258	262	266
270	274	278
282	286	290	294
298	302
1232	2645	2572
1089	1093	2507	2434
951	2365	2292
2219	736	2150
667	671	2085	2012
1939	1865
539	542	1956
473	477	481	1895
412	416	1830
1757	274	1688
205	209	213	1627
1554	71
154	160	241
319	323	330	411
489	496	577
655	659	666
744	751	832	910
917	998
924	2337	2264
781	2195	2122	639
2053	570	1984
1911	428	1842
359	1773	1700	217
1631	1557
770	773	780
858	862	866	870
874	878	885
963	967	974
1052	1056	1063	1141
1148	1226
462	465	1879
396	400	404	408
412	416	1830
347	351	355
359	363	367	1781
1708	225
385	388	392
396	400	404	1818
335	339	343
347	351	1765
282	286	290	294
298	302
924	927	931
935	939	943	947
951	955	2369
886	890	894
898	902	906	910
914	918
1232	1235	1239
1243	1247	1251	1258
1336	1340	1344
1348	1352	1356
1360	1364	1371	1449
1453	1457
847	850	854
858	862	866	873
951	955	959
963	967	974
1052	1056	1060	1064
1068	1072
1232	1235	1239
1243	1247	1251	2665
1182	1186	1190
1194	1198	2612
1129	1133	1137	1141
1145	1149
1232	1235	2649
1166	1170	1174	2588
2515	1032	2446
963	967	2381
898	902	2316	833
2247	764
1155	2568	2495
1012	2426	2353	870
2284	801	2215
732	736	2150
667	671	2085	2012
1939	1865
1386	1389	1393
1397	1401	1405	1409
1413	1417	1421
1425	1429	1433
1437	1441	2855	1372
1376	1380
1001	1004	1008
1012	1016	1020	1027
1105	1109	1113
1117	1121	1125
1129	1133	1137	1141
1145	1149
154	160	241
319	326	407	488
569	647	654
735	813	820
898	905	986	1064
1071	1152	1231
616	619	2033
550	554	558	1972
489	493	497
501	505	1919
436	440	444	1858
1785	302
924	927	931
935	939	943	947
951	955	2369
886	890	894
898	902	2316	833
837	841
154	157	1571
88	92	96	100
1514	31	35
39	43	47
51	55	59	63
67	71
847	850	854
858	862	866	2280
797	801	2215
732	736	2150
667	671	675	679
2093	610
770	773	780
858	862	866	870
874	878	882
886	890	897
975	979	983	987
991	995
1001	1004	2418
935	939	943	947
951	955	959
963	967	971
975	979	983	2397
914	918
1232	2645	2572
1089	2503	2430	2357
2284	801	2215
2142	2069	1996
513	517	1931	1858
1785	1709	1634
1386	2799	2726
1243	1247	1251	2665
2592	1109	2523
2450	967	2381
898	2312	2239	756
2170	2096
385	388	392
396	400	404	411
489	493	500
578	582	586
590	594	601	679
686	764
231	234	241
319	323	327	331
335	339	346
424	428	435
513	517	521	528
606	610
462	465	472
550	554	561	642
720	724	731
812	890	897
975	982	1063	1141
1148	1226
1078	1081	1085
1089	1093	1097	1104
1182	1186	1190
1194	1198	1202
1206	1210	1217	1295
1299	1303
1309	1312	2726
1243	1247	2661	2588
1105	1109	2523
1040	1044	2458
975	979	983	2397
2324	841
77	80	87
165	169	173	180
258	262	269
347	351	358
436	440	447	525
532	610
0	3	7
11	15	22	103
184	262	266
270	274	281
359	363	367	374
455	536
539	542	1956
473	477	481	1895
412	416	1830
347	351	1765
282	286	1700	1627
1554	71
1078	1081	2495
1012	2426	2353	870
874	878	2292
2219	736	2150
667	671	2085	602
2016	1942
308	311	318
396	400	404	411
489	496	577
655	659	666
744	748	755	833
840	918
1155	1158	1162
1166	1170	1174	1178
1182	1186	2600
1117	1121	1125
1129	1133	1137	1141
1145	1149
79	160	241
319	323	330	411
489	496	577
658	736	743
821	828	909	990
1071	1152
462	468	549
627	631	635	642
723	801	808
889	967	974
1052	1059	1140	1218
1225	1303
770	773	2187
704	708	712	716
720	724	728
732	736	740
744	748	752	756
2170	687
770	773	777
781	785	789	796
874	878	882
886	890	897
975	979	983	987
994	1072
539	542	546
550	554	558	562
566	570	574
578	582	586
590	594	601	679
683	687
231	234	241
319	323	330	411
489	493	500
578	582	589
667	671	675	682
763	841
0	3	10
88	92	96	103
184	262	269
347	351	358
436	440	447	528
609	687
77	80	87
165	169	173	180
258	262	269
350	428	435
513	517	521	528
609	687
1309	1312	2726
1243	1247	2661	2588
1105	1109	2523
2450	967	2381
898	902	2316	833
2247	764
1001	2414	2341
858	862	2276	2203
2130	2057	1984
1911	428	1842
359	1773	1700	217
1631	1557
539	542	546
550	554	558	1972
489	493	497
501	505	1919
436	440	444	448
452	456
1155	2568	2495
1012	1016	1020	2434
951	2365	2292
2219	736	2150
667	671	2085	2012
1939	1865
154	157	161
165	169	173	177
181	185	189
193	197	201
205	209	213	217
224	302
616	619	626
704	708	712	716
720	724	731
809	813	820
898	902	906	913
991	995
1232	2645	2572
1089	1093	2507	2434
951	2365	2292
2219	736	2150
667	671	2085	2012
1936	1862	1788
539	542	1956
473	477	481	1895
412	416	1830
347	351	355
359	363	367	1781
1708	225
2795	2722	2649
1166	2580	2507	2434
2361	2288	2215
2142	2069	1996
513	1927	1854	1781
1705	1631	1557
770	773	780
858	862	866	873
951	955	962
1040	1044	1051
1129	1133	1140	1218
1225	1306
2641	2568	2495
1012	2426	2353	870
2284	2211	2138
2065	582	1996
513	1927	1854	1781
1708	1634
1232	1235	2649
1166	1170	1174	2588
1105	1109	2523
1040	1044	2458
975	979	983	2397
2324	841
385	388	395
473	477	481	485
489	493	500
578	582	586
590	594	598	602
609	687
616	619	626
704	708	712	719
797	801	808
886	890	897
975	979	983	987
994	1072
231	234	241
319	323	327	334
412	416	420
424	428	435
513	517	521	528
609	687
231	234	1648
165	169	173	177
181	185	189
193	197	201
205	209	213	217
1631	148
2718	2645	2572
1089	2503	2430	2357
2284	2211	2138
2065	1992	1919
436	1850	1777	294
1705	1631	1557
0	3	7
11	15	19	23
27	31	35
39	43	47
51	55	59	63
67	71
1309	1312	1316
1320	1324	1328	1332
1336	1340	1344
1348	1352	1356
1360	1364	1368	1372
1376	1380
77	80	84
88	92	96	103
184	262	266
270	274	278
282	286	290	297
375	379
231	234	241
319	323	327	334
415	493	500
578	582	589
667	671	675	682
763	841
924	927	931
935	939	943	950
1028	1032	1039
1117	1121	1128
1206	1210	1217	1295
1302	1380
1001	1004	2418
935	939	943	2357
874	878	2292
809	813	817
821	825	2239	756
2170	687
231	237	318
396	400	407	488
569	647	651
658	736	743
821	828	909	987
994	1072
616	622	703
781	788	869	947
951	955	962
1043	1121	1128
1206	1210	1217	1295
1302	1383
770	773	777
781	785	789	2203
720	724	728
732	736	2150
667	671	675	679
2093	610
924	927	2341
858	862	866	870
874	878	882
886	890	894
898	902	2316	833
837	841
154	157	161
165	169	173	177
181	185	1599
116	120	124
128	132	136	140
1554	71
1155	1158	2572
1089	1093	2507	2434
951	2365	2292
2219	736	2150
667	671	2085	602
2016	1942
2410	2337	2264
781	2195	2122	639
2053	570	1984
1911	428	1842
359	1773	1700	217
1631	1557
693	696	2110
627	631	635	2049
566	570	574
578	582	1996
513	517	1931	448
452	456
616	619	2033
550	554	1968	1895
412	416	1830
347	351	1765
282	286	1700	217
1631	1557
693	696	700
704	708	712	719
797	801	805
809	813	817
821	825	829	833
840	918
616	619	626
704	708	712	719
797	801	808
886	890	897
975	979	986	1064
1071	1149
539	542	1956
473	477	481	1895
412	1826	1753
270	274	1688
205	209	213	1627
1554	71
1155	1158	1162
1166	1170	1174	2588
1105	1109	1113
1117	1121	1125
1129	1133	1137	1141
2555	1072
1155	1158	2572
1089	1093	1097	2511
1028	1032	2446
963	967	2381
898	902	906	910
2324	841
924	927	931
935	939	943	947
951	955	959
963	967	971
975	979	983	987
991	995
1001	1004	2418
935	939	2353	2280
2207	724	2138
655	659	2073
590	2004	1931	448
1862	1788
308	311	315
319	323	327	331
335	339	1753
270	274	278
282	286	290	294
1708	225
1001	1004	1008
1012	1016	1020	1024
1028	1032	1036
1040	1044	1051
1129	1133	1137	1141
1145	1149
154	160	241
319	323	330	411
489	496	577
655	659	666
744	751	832	910
917	998
539	542	1956
473	477	481	485
1899	416	420
424	428	1842
359	363	367	371
1785	302
847	850	854
858	862	866	873
951	955	962
1040	1044	1048
1052	1056	1063	1141
1145	1149
1232	2645	2572
1089	1093	2507	2434
951	2365	2292
809	813	2227
744	2158	2085	602
2016	1942
616	2029	1956
473	477	481	1895
412	416	1830
347	351	1765
282	286	1700	217
1631	1557
693	696	703
781	785	789	796
874	878	885
963	967	971
975	979	986	1064
1071	1149
770	773	777
781	785	789	796
874	878	882
886	890	897
975	979	983	987
994	1072
924	927	931
935	939	943	950
1028	1032	1039
1117	1121	1125
1129	1133	1140	1218
1222	1226
539	545	626
704	708	715	796
874	881	962
1040	1044	1051
1129	1136	1217	1295
1302	1383
539	545	626
704	708	715	796
874	881	962
1043	1121	1128
1206	1213	1294	1372
1379	1460
847	2260	2187
704	708	712	2126
2053	570	1984
501	505	1919
436	1850	1777	294
1708	225
1155	1158	2572
1089	1093	2507	2434
951	2365	2292
2219	736	2150
667	671	2085	2012
1939	1865
1078	2491	2418
935	939	2353	2280
797	801	2215
2142	659	2073
590	2004	1931	448
1862	379
770	773	780
858	862	866	870
874	878	885
963	967	971
975	979	986	1064
1068	1072
462	465	472
550	554	561	642
723	801	808
886	890	897
975	982	1063	1141
1148	1229
847	850	2264
781	785	789	2203
720	724	2138
655	659	2073
590	594	598	2012
1939	456
231	234	238
242	246	250	1664
181	185	1599
116	120	124
128	132	1546	63
67	71
539	542	546
550	554	558	562
569	647	651
655	659	663
667	671	675	679
683	687
616	619	623
627	631	635	642
720	724	728
732	736	740
744	748	755	833
837	841
1309	1312	1316
1320	1324	1328	1332
1339	1417	1421
1425	1429	1433
1437	1441	1445	1449
1453	1457
154	160	241
319	323	327	334
415	493	497
504	582	589
667	671	675	682
763	841
1001	1004	1011
1089	1093	1097	1101
1105	1109	1116
1194	1198	1205
1283	1287	1294	1372
1376	1380
847	850	854
858	862	866	873
951	955	959
963	967	974
1052	1056	1060	1064
1071	1149
1155	1158	1165
1243	1247	1251	1255
1259	1263	1270
1348	1352	1356
1360	1364	1371	1449
1453	1457
847	850	2264
781	785	789	2203
720	2134	2061
578	582	1996
513	517	1931	448
1862	379
385	388	1802
319	323	327	331
335	339	1753
270	274	1688
205	209	213	217
1631	148
385	388	392
396	400	404	408
415	493	497
501	505	509
513	517	521	525
529	533
462	465	472
550	554	558	565
643	647	654
732	736	743
821	825	829	833
840	918
308	311	318
396	400	404	408
412	416	420
424	428	435
513	517	521	525
529	533
924	927	934
1012	1016	1020	1024
1028	1032	1039
1117	1121	1128
1206	1210	1217	1295
1302	1380
462	465	1879
396	400	404	408
412	416	1830
347	351	355
359	363	367	1781
1708	225
0	3	7
11	15	19	26
104	108	112
116	120	127
205	209	213	217
221	225
693	696	2110
627	631	635	639
643	647	651
655	659	2073
590	594	598	602
2016	533
385	391	472
550	554	561	642
723	804	885
966	1044	1051
1129	1136	1217	1295
1302	1383
616	619	623
627	631	635	639
643	647	651
655	659	666
744	748	752	756
760	764
1155	1158	1162
1166	1170	1174	1181
1259	1263	1267
1271	1275	1279
1283	1287	1294	1372
1376	1380
1386	1389	2803
1320	1324	1328	2742
2669	1186	1190
1194	1198	2612
1129	1133	2547	1064
2478	995
385	388	395
473	477	481	488
566	570	574
578	582	589
667	671	675	682
763	841
154	157	164
242	246	250	257
335	339	346
424	428	435
513	517	521	528
609	687
79	160	241
319	326	407	488
569	647	654
735	816	897
975	982	1063	1141
1147	1225	1306
693	696	700
704	708	712	716
720	724	728
732	736	740
744	748	752	2166
683	687
770	773	777
781	785	789	796
874	878	882
886	890	894
898	902	906	910
914	918
231	234	241
319	323	330	411
489	496	577
658	736	743
821	828	909	987
994	1075
1155	1158	2572
1089	1093	1097	1101
1105	1109	2523
1040	1044	2458
975	979	983	987
2401	918
1155	1158	1162
1166	1170	1174	1178
1182	1186	2600
1117	1121	1125
1129	1133	1137	1141
1145	1149
847	850	854
858	862	866	870
874	878	882
886	890	894
898	902	906	910
914	918
616	619	623
627	631	635	2049
566	570	1984
501	505	1919
436	440	444	448
1862	379
770	773	2187
704	708	2122	2049
566	570	1984
1911	428	1842
359	363	367	1781
1708	1634
1155	1158	1162
1166	1170	1174	1178
1182	1186	1190
1194	1198	1202
1206	1210	1214	1218
1222	1226
231	237	318
396	403	484	565
643	650	731
812	890	897
975	982	1063	1144
1225	1306
462	465	472
550	554	558	562
569	647	651
655	659	663
667	671	675	679
686	764
77	83	164
242	246	250	257
335	339	346
427	505	512
590	594	601	679
686	764
1001	1004	2418
935	939	943	2357
874	878	2292
809	813	2227
744	748	752	2166
2093	610
1309	1312	2726
1243	1247	2661	2588
2515	1032	2446
963	967	2381
898	2312	2239	756
2170	2096
770	773	2187
704	708	712	2126
2053	570	574
578	582	1996
513	517	1931	448
1862	379
231	237	318
396	400	404	411
489	493	500
578	582	589
667	671	675	682
763	844
231	234	238
242	246	250	1664
181	185	189
193	197	1611
128	132	136	140
1554	71
693	696	703
781	785	789	796
874	878	885
963	967	974
1052	1056	1063	1141
1145	1149
0	3	7
11	15	19	23
30	108	112
116	120	124
128	132	136	143
221	225
462	465	472
550	554	561	642
720	724	731
809	813	820
898	902	906	913
994	1072
770	2183	2110
627	631	2045	1972
1899	416	420
1834	351	1765
282	286	1700	1627
1554	71
231	234	241
319	323	330	411
489	496	577
655	659	666
744	751	832	910
917	995
385	388	392
396	400	404	411
489	493	500
578	582	586
590	594	601	679
683	687
924	927	2341
858	862	2276	2203
720	2134	2061
578	582	1996
513	517	1931	1858
1785	302
1386	1389	1393
1397	1401	1405	1409
1413	1417	1421
1425	1429	2843
1360	1364	1368	1372
1376	1380
308	314	395
473	477	481	488
569	647	651
655	659	666
744	748	755	833
840	918
1463	1464	2880
1397	1401	2815	2742
2669	1186	1190
1194	1198	2612
1129	1133	2547	1064
2478	995
1386	1389	1393
1397	1401	1405	1409
1413	1417	1421
1425	1429	1433
1437	1441	2855	1372
1376	1380
847	850	854
858	862	866	873
951	955	959
963	967	971
975	979	983	987
991	995
77	80	84
88	92	96	100
104	108	112
116	120	124
128	132	136	140
144	148
1463	1464	2880
1397	1401	1405	1409
2823	1340	1344
1348	1352	1356
1360	1364	2778	1295
2709	1226
616	619	623
627	631	635	639
2053	570	574
578	582	586
590	594	598	2012
529	533
847	850	2264
781	785	789	793
797	801	2215
732	736	740
744	748	752	2166
683	687
1463	1464	2880
1397	1401	1405	1409
1413	1417	1421
1425	1429	1433
1437	1441	1445	1449
1453	1457
1463	1464	1465
1466	1467	1468	1469
1470	1471	1472
1473	1474	2920
1437	1441	1445	1449
1453	1457
539	542	549
627	631	635	639
643	647	651
655	659	666
744	748	752	756
763	841
693	2106	2033
550	554	558	1972
1899	416	420
424	428	1842
359	363	367	1781
1708	1634
462	465	469
473	477	481	1895
412	416	420
424	428	1842
359	363	367	371
1785	302
924	927	931
935	939	943	2357
874	878	882
886	890	2304
821	825	829	833
2247	764
0	3	7
11	15	19	23
30	108	112
116	120	124
128	132	136	143
221	225
1001	1004	1008
1012	1016	1020	1027
1105	1109	1116
1194	1198	1205
1283	1287	1291	1295
1302	1380
847	850	2264
781	2195	2122	639
2053	570	574
1988	505	1919
436	440	444	1858
1785	302
847	2260	2187
704	708	712	2126
2053	570	1984
1911	428	1842
359	363	367	1781
1708	1634
2718	2645	1162
1166	2580	2507	2434
2361	2288	2215
2142	659	2073
590	2004	1931	1858
1785	1709	1634
1386	2799	2726
1243	1247	2661	2588
2515	1032	2446
2373	890	2304
821	2235	2162	679
2093	2019
77	80	87
165	169	173	177
184	262	266
270	274	281
359	363	367	371
378	456
770	773	780
858	862	866	870
874	878	885
963	967	974
1052	1056	1063	1141
1145	1149
231	237	318
396	400	407	488
569	647	654
735	813	820
898	905	986	1064
1071	1152	1231
847	850	2264
781	785	789	2203
720	724	2138
655	659	663
667	671	2085	602
2016	533
770	773	780
858	862	866	870
874	878	882
886	890	897
975	979	983	987
991	995
2795	2722	2649
1166	1170	2584	2511
2438	955	2369
2296	2223	2150
667	671	2085	2012
1936	1862	1788
539	542	1956
473	477	481	485
1899	416	420
424	428	432
436	440	444	1858
375	379
693	699	780
858	862	866	873
951	955	962
1040	1044	1051
1129	1136	1217	1295
1302	1380
385	391	472
550	557	638	719
800	878	885
966	1044	1051
1129	1136	1217	1298
1379	1460
462	465	1879
396	400	404	1818
335	339	1753
270	274	1688
205	209	213	1627
1554	71
1386	1389	1393
1397	1401	1405	1409
1413	1417	1421
1425	1429	1433
1437	1441	1445	1449
1453	1457
462	465	1879
396	400	404	1818
335	339	1753
270	274	1688
205	209	213	1627
1554	71
1155	2568	2495
1012	2426	2353	870
2284	2211	2138
2065	582	1996
513	517	1931	1858
1785	1711
1078	1081	1085
1089	1093	1097	1101
1105	1109	1113
1117	1121	2535
1052	1056	1060	1064
1068	1072
847	850	854
858	862	866	2280
797	801	805
809	813	2227
744	748	752	756
760	764
308	311	318
396	400	404	408
412	416	420
424	428	435
513	517	521	525
532	610
2869	2795	2722	2649
1166	2580	2507	2434
2361	2288	2215
2142	2069	1996
1923	1850	1777	1704
1631	1557
847	850	857
935	939	943	950
1028	1032	1039
1117	1121	1125
1129	1133	1140	1218
1225	1303
1309	1312	2726
1243	1247	1251	2665
2592	1109	2523
1040	1044	2458
975	979	983	2397
2324	2250
0	6	87
165	169	176	257
338	419	500
581	659	666
744	751	832	910
916	994	1075
847	850	854
858	862	866	870
874	878	2292
809	813	817
821	825	829	833
837	841
231	234	241
319	323	327	334
415	493	497
501	505	512
590	594	601	679
686	764
770	2183	2110
627	631	2045	1972
1899	416	420
1834	351	1765
282	286	1700	1627
1554	71
231	234	238
242	246	250	1664
181	185	189
193	197	201
205	209	213	217
221	225
308	311	315
319	323	327	331
335	339	343
347	351	355
359	363	367	1781
298	302
231	234	241
319	323	327	334
415	493	497
501	505	512
590	594	601	679
686	767
693	696	700
704	708	712	716
720	724	2138
655	659	663
667	671	675	679
683	687
924	2337	2264
781	785	789	2203
720	724	2138
2065	582	1996
513	517	1931	448
1862	379
1155	2568	2495
1012	2426	2353	870
2284	801	2215
2142	659	2073
590	2004	1931	448
1862	379
1309	1312	2726
1243	1247	1251	1255
1259	1263	1267
1271	1275	2689
1206	1210	1214	1218
2632	1149
1155	2568	2495
1012	1016	1020	2434
951	2365	2292
809	813	2227
744	2158	2085	602
2016	533
539	545	626
704	708	712	719
800	878	885
963	967	974
1052	1056	1063	1141
1148	1229
308	311	315
319	323	327	334
412	416	420
424	428	432
436	440	444	448
452	456
2718	2645	1162
1166	1170	1174	2588
2515	1032	2446
963	967	2381
898	902	2316	833
2247	2173
154	157	1571
88	92	96	100
104	108	112
116	120	124
128	132	136	140
144	148
616	619	626
704	708	715	796
874	878	885
966	1044	1051
1129	1136	1217	1295
1302	1380
154	160	241
319	323	330	411
492	573	654
735	813	820
898	905	986	1067
1148	1229
2872	2799	2726
1243	1247	2661	2588
2515	1032	2446
2373	890	2304
821	2235	2162	679
2090	2016	1942
1232	2645	2572
1089	2503	2430	2357
2284	801	2215
2142	2069	1996
513	517	1931	1858
1785	1709	1634
154	157	161
165	169	173	180
258	262	266
270	274	281
359	363	367	374
452	456
1001	2414	2341
858	862	2276	2203
720	2134	2061
1988	505	1919
436	1850	1777	294
1708	1634
1386	2799	2726
1243	1247	2661	2588
2515	1032	2446
2373	890	2304
821	825	2239	756
2170	2096
77	83	164
242	246	253	334
415	493	497
504	582	589
667	674	755	833
840	921
154	160	241
319	323	330	411
492	573	654
735	813	820
898	905	986	1064
1071	1152
462	465	1879
396	400	404	1818
335	1749	1676
193	197	1611
128	132	1546	63
67	71
79	160	241
319	323	330	411
492	573	654
735	813	820
898	905	986	1067
1148	1229
154	157	164
242	246	250	254
258	262	269
347	351	355
359	363	367	374
452	456
308	314	395
473	480	561	642
723	801	808
889	970	1051
1129	1136	1217	1295
1301	1379	1460
308	311	315
319	323	327	331
335	339	346
424	428	432
436	440	444	448
452	456
1232	1235	1239
1243	1247	1251	2665
1182	1186	1190
1194	1198	1202
1206	1210	1214	1218
2632	1149
1232	2645	2572
1089	1093	2507	2434
951	955	2369
2296	813	2227
744	748	752	2166
2093	2019
539	542	546
550	554	558	562
566	570	574
578	582	586
590	594	598	2012
529	533
924	927	931
935	939	943	2357
874	878	882
886	890	894
898	902	2316	833
837	841
847	850	857
935	939	943	947
951	955	962
1040	1044	1051
1129	1133	1140	1218
1225	1303
154	160	241
319	323	330	411
492	573	654
735	813	820
898	905	986	1064
1071	1152
79	160	241
319	326	407	488
569	650	731
812	893	974
1052	1059	1140	1218
1224	1302	1383
539	542	549
627	631	635	639
643	647	654
732	736	743
821	825	832	910
914	918
1078	2491	2418
935	939	2353	2280
2207	724	2138
2065	582	1996
513	517	1931	1858
1785	1711
1078	1081	1085
1089	1093	1097	1101
1105	1109	1116
1194	1198	1202
1206	1210	1214	1218
1225	1303
2641	2568	2495
1012	2426	2353	2280
2207	724	2138
2065	1992	1919
436	1850	1777	294
1705	1631	1557
924	927	2341
858	862	2276	2203
720	724	2138
655	659	2073
590	594	598	2012
1939	456
77	80	87
165	169	173	177
181	185	189
193	197	201
205	209	216	294
298	302
1078	2491	2418
935	939	2353	2280
2207	724	2138
2065	582	1996
513	517	1931	1858
1785	1709	1634
2872	2799	2726
2653	1170	2584	2511
2438	2365	2292
2219	2146	2070	1996
513	1927	1854	1781
1705	1631	1557
0	3	7
11	15	19	23
30	108	112
116	120	124
128	132	136	143
221	225
539	542	1956
473	477	481	1895
412	416	1830
347	351	1765
282	286	1700	217
1631	148
2872	2799	2726
1243	1247	2661	2588
2515	2442	2369
2296	813	2227
744	2158	2085	2012
1936	1862	1788
2564	2491	2418
935	939	2353	2280
2207	724	2138
2065	582	1996
513	517	1931	1858
1785	1711
1155	1158	1165
1243	1247	1251	1255
1259	1263	1267
1271	1275	1282
1360	1364	1368	1372
1376	1380
1001	2414	2341
858	862	2276	2203
720	2134	2061
1988	505	1919
436	1850	1777	294
1708	1634
154	160	241
319	323	330	411
489	493	500
581	659	666
744	751	832	910
917	998
77	80	87
165	169	173	180
258	262	269
347	351	358
436	440	447	525
532	610
385	388	1802
319	323	327	1741
258	262	266
270	274	1688
205	209	213	1627
1554	71
693	696	700
704	708	712	719
797	801	805
809	813	817
821	825	832	910
914	918
847	850	2264
781	2195	2122	639
2053	570	574
578	582	1996
513	517	1931	1858
1785	302
77	83	164
242	249	330	411
489	496	577
658	736	743
821	828	909	990
1071	1152
616	619	2033
550	554	558	562
566	570	574
578	582	1996
513	517	521	525
1939	456
847	2260	2187
704	708	2122	2049
566	570	1984
1911	428	1842
359	1773	1700	217
1631	1557
539	542	549
627	631	635	639
643	647	651
655	659	663
667	671	675	679
683	687
693	696	700
704	708	712	716
720	724	728
732	736	740
744	748	752	756
760	764
231	234	241
319	323	327	331
335	339	346
424	428	432
436	440	447	525
532	610
0	6	87
165	169	173	180
258	265	346
427	505	512
590	594	601	679
686	767
2718	2645	1162
1166	1170	1174	2588
2515	1032	2446
2373	890	2304
821	2235	2162	679
2093	610
231	237	318
396	403	484	565
643	650	731
812	893	974
1052	1059	1140	1218
1224	1302	1383
539	542	1956
473	477	481	1895
412	416	1830
347	351	355
359	363	367	1781
1708	225
770	773	2187
704	708	2122	2049
566	1980	1907
424	428	1842
359	1773	1700	217
1631	1557
693	2106	2033
550	554	558	1972
1899	416	420
424	428	1842
359	1773	1700	217
1631	148
462	465	1879
396	400	404	408
412	416	420
424	428	1842
359	363	367	371
375	379
0	3	7
11	15	19	23
27	31	35
39	43	50
128	132	136	140
144	148
77	80	87
165	169	173	180
258	262	269
347	351	355
359	363	367	374
455	533
539	542	546
550	554	558	562
569	647	651
655	659	663
667	671	675	679
683	687
1155	1158	1162
1166	1170	1174	1178
1182	1186	2600
1117	1121	1125
1129	1133	1137	1141
1145	1149
462	465	1879
396	400	404	408
412	416	1830
347	351	355
359	363	367	1781
1708	225
77	83	164
242	249	330	411
492	573	654
735	816	897
975	982	1063	1144
1224	1302	1383
539	542	546
550	554	558	562
569	647	651
655	659	663
667	671	675	679
686	764
1386	1389	2803
1320	1324	1328	2742
2669	1186	1190
1194	1198	2612
1129	1133	2547	1064
2478	995
154	157	164
242	246	250	257
335	339	343
347	351	358
436	440	447	525
532	610
1001	1004	1011
1089	1093	1097	1104
1185	1263	1267
1271	1275	1282
1360	1364	1371	1449
1453	1457
154	160	241
319	323	327	334
415	493	500
581	659	666
744	748	755	833
840	921
616	619	626
704	708	715	796
874	881	962
1043	1121	1128
1206	1210	1217	1295
1302	1383
0	3	7
11	15	19	26
104	108	112
116	120	124
128	132	136	140
144	148
2	83	164
242	249	330	411
492	573	654
735	816	897
975	982	1063	1144
1224	1302	1383
1386	1389	2803
1320	1324	1328	2742
2669	1186	1190
2604	1121	2535
1052	1056	2470	987
2401	918
308	314	395
473	477	481	488
569	647	651
658	736	743
821	825	832	910
917	998
2	83	164
242	249	330	411
492	572	650	731
812	893	974
1055	1136	1217	1295
1301	1379	1460
1309	1312	1316
1320	1324	1328	1332
1336	1340	2754
1271	1275	1279
1283	1287	1291	1295
1299	1303
847	2260	2187
704	708	2122	2049
566	1980	1907
1834	351	1765
282	286	1700	1627
1554	71
0	3	10
88	92	99	180
258	265	346
427	505	512
590	594	601	682
763	844
2872	2799	2726
2653	1170	2584	2511
2438	2365	2292
2219	2146	2073
590	2004	1931	1858
1785	1709	1634
308	311	315
319	323	327	331
335	339	346
424	428	432
436	440	444	448
455	533
1078	1081	2495
1012	1016	1020	2434
951	955	2369
886	890	2304
821	825	2239	756
2170	687
1078	1081	1088
1166	1170	1174	1181
1259	1263	1267
1271	1275	1282
1360	1364	1371	1449
1453	1457
231	234	238
242	246	250	1664
181	185	1599
116	120	124
128	132	1546	63
67	71
770	773	777
781	785	789	793
797	801	805
809	813	817
821	825	829	833
837	841
1001	1004	1011
1089	1093	1097	1101
1105	1109	1116
1194	1198	1205
1283	1287	1294	1372
1376	1380
1232	2645	2572
1089	1093	2507	2434
951	2365	2292
2219	736	2150
667	671	2085	2012
1939	1865
387	468	549
627	631	638	719
800	878	885
966	1044	1051
1129	1136	1217	1295
1301	1379	1460
1309	1312	1319
1397	1401	1405	1409
1413	1417	1421
1425	1429	1433
1437	1441	1445	1449
1453	1457
231	234	241
319	323	327	334
412	416	420
424	428	435
513	517	521	528
609	687
1001	1004	2418
935	939	2353	2280
797	801	2215
2142	659	2073
590	594	598	2012
1939	1865
539	542	1956
473	477	481	1895
412	416	1830
1757	274	1688
205	209	213	1627
1554	71
1155	1158	2572
1089	1093	1097	2511
2438	955	2369
886	890	2304
821	2235	2162	679
2093	610
1232	1235	2649
1166	1170	1174	1178
1182	1186	2600
1117	1121	2535
1052	1056	1060	1064
2478	995
1001	1004	2418
935	939	943	2357
2284	801	2215
732	736	2150
667	671	2085	2012
1939	456
231	234	241
319	323	330	411
489	496	577
658	736	743
821	828	909	987
994	1075
77	80	84
88	92	96	103
184	262	266
270	274	278
282	286	290	297
375	379
2	83	164
242	246	253	334
415	493	500
581	662	743
821	828	909	987
994	1075
1001	1004	2418
935	939	943	947
951	955	2369
886	890	894
898	902	2316	833
837	841
693	696	2110
627	631	635	2049
566	570	1984
501	505	1919
436	440	444	1858
1785	302
770	773	777
781	785	789	796
874	878	882
886	890	897
975	979	983	987
994	1072
539	542	546
550	554	558	565
643	647	654
732	736	740
744	748	755	833
840	918
462	465	1879
396	400	404	408
412	416	1830
347	351	1765
282	286	290	294
1708	225
0	3	7
11	15	19	26
104	108	115
193	197	201
205	209	216	294
301	379
616	619	626
704	708	712	716
720	724	731
809	813	820
898	902	906	913
994	1072
1463	1464	2880
1397	1401	1405	1409
2823	1340	1344
1348	1352	1356
1360	1364	2778	1295
1299	1303
693	696	2110
627	631	635	2049
566	570	1984
501	505	1919
436	440	444	1858
375	379
1155	1158	2572
1089	1093	2507	2434
951	955	2369
886	890	2304
821	825	2239	756
2170	687
385	388	392
396	400	404	408
412	416	420
424	428	432
436	440	444	448
452	456
77	83	164
242	246	250	257
335	342	423
504	582	589
667	674	755	833
840	918
77	80	87
165	169	173	177
184	262	266
270	274	278
282	286	290	294
301	379
1309	1312	2726
1243	1247	1251	2665
1182	1186	2600
1117	1121	1125
1129	1133	2547	1064
2478	995
847	850	854
858	862	866	2280
797	801	805
809	813	2227
744	748	752	756
2170	687
154	160	241
319	326	407	488
569	647	654
735	813	820
898	905	986	1067
1148	1229
693	2106	2033
550	554	558	1972
1899	416	420
1834	351	1765
282	286	1700	217
1631	148
1232	1235	2649
1166	1170	1174	2588
1105	1109	2523
1040	1044	2458
975	979	983	2397
2324	841
231	234	238
242	246	250	1664
181	185	189
193	197	201
205	209	213	1627
144	148
0	3	10
88	92	96	103
184	262	269
347	351	358
436	440	447	528
609	687
308	314	395
473	477	481	488
569	647	654
732	736	743
821	828	909	987
994	1072
462	465	469
473	477	481	488
566	570	574
578	582	586
590	594	601	679
683	687
0	3	7
11	15	19	26
104	108	115
193	197	204
282	286	290	294
301	379
308	314	395
473	477	481	488
569	647	651
658	736	743
821	825	832	910
917	995
308	311	318
396	400	407	488
569	647	654
732	736	743
821	828	909	987
994	1075
616	619	626
704	708	715	796
874	881	962
1043	1121	1128
1206	1210	1217	1295
1302	1383
693	696	2110
627	631	635	2049
566	570	1984
501	505	1919
436	1850	1777	294
1708	225
1078	1081	2495
1012	1016	1020	1024
1028	1032	2446
963	967	2381
898	902	906	910
2324	841
924	927	931
935	939	943	947
951	955	959
963	967	971
975	979	983	987
991	995
308	311	318
396	400	404	408
412	416	420
424	428	435
513	517	521	525
532	610
462	465	472
550	554	558	565
643	647	654
732	736	743
821	825	832	910
917	995
847	850	854
858	862	866	870
874	878	882
886	890	897
975	979	983	987
991	995
79	160	241
319	323	330	411
492	573	654
735	816	897
975	982	1063	1141
1147	1225	1306
1155	1158	1162
1166	1170	1174	1181
1259	1263	1267
1271	1275	1282
1360	1364	1368	1372
1379	1457
616	619	2033
550	554	558	1972
1899	416	420
1834	351	1765
282	286	1700	217
1631	148
1078	1081	2495
1012	2426	2353	870
2284	801	2215
2142	659	2073
590	594	598	2012
1939	1865
0	3	7
11	15	19	23
27	31	35
39	43	47
51	55	59	63
67	71
154	157	161
165	169	173	177
181	185	189
193	197	201
205	209	213	1627
144	148
1155	1158	2572
1089	1093	2507	2434
951	955	2369
2296	813	2227
744	2158	2085	602
2016	533
1001	1004	2418
935	939	943	947
951	955	2369
886	890	2304
821	825	829	833
2247	764
1463	1464	2880
1397	1401	2815	2742
2669	1186	1190
2604	1121	2535
1052	1056	2470	987
2401	2327
770	773	2187
704	708	2122	2049
566	570	1984
501	505	1919
436	440	444	1858
1785	1711
231	234	238
242	246	250	254
258	262	266
270	274	278
282	286	290	294
298	302
770	773	777
781	785	789	796
874	878	882
886	890	897
975	979	983	987
994	1072
77	80	84
88	92	96	100
104	108	112
116	120	124
128	132	136	140
147	225
385	388	392
396	400	404	408
412	416	420
424	428	432
436	440	444	448
452	456
1232	1235	2649
1166	1170	1174	1178
1182	1186	2600
1117	1121	2535
1052	1056	1060	1064
2478	995
231	234	241
319	323	330	411
489	493	500
578	582	589
667	674	755	833
840	918
693	696	703
781	785	789	796
874	878	882
886	890	897
975	979	983	987
994	1072
308	314	395
473	477	481	488
569	647	654
735	813	820
898	905	986	1064
1071	1149
1386	1389	2803
1320	1324	1328	1332
1336	1340	2754
1271	1275	2689
1206	1210	2624	1141
1145	1149
1232	1235	2649
1166	1170	1174	1178
1182	1186	1190
1194	1198	1202
1206	1210	1214	1218
1222	1226
308	311	318
396	400	404	411
489	493	500
578	582	589
667	671	675	682
763	841
1078	2491	2418
935	2349	2276	2203
720	2134	2061
1988	1915	1842
359	1773	1700	217
1631	1557
616	619	623
627	631	635	639
643	647	651
655	659	663
667	671	675	682
760	764
154	160	241
319	326	407	488
569	647	654
735	813	820
898	905	986	1064
1071	1152	1231
0	3	10
88	92	96	100
104	108	115
193	197	204
282	286	290	294
301	379
1155	1158	2572
1089	1093	1097	1101
1105	1109	2523
1040	1044	1048
1052	1056	2470	987
2401	918
693	696	703
781	785	789	796
874	881	962
1040	1044	1051
1129	1133	1140	1218
1225	1303
1155	1158	1162
1166	1170	1174	1178
1182	1186	2600
1117	1121	1125
1129	1133	1137	1141
1145	1149
770	773	777
781	785	789	2203
720	724	728
732	736	740
744	748	752	756
2170	687
462	465	472
550	554	561	642
720	724	731
809	813	820
898	902	906	913
994	1075
231	234	241
319	323	330	411
489	493	500
581	659	666
744	751	832	910
917	995
847	850	2264
781	785	789	2203
720	724	728
732	736	2150
667	671	2085	602
2016	533
1001	1004	1011
1089	1093	1097	1101
1105	1109	1116
1194	1198	1205
1283	1287	1291	1295
1302	1380
1001	1004	1008
1012	1016	1020	1024
1028	1032	1039
1117	1121	1125
1129	1133	1137	1141
1148	1226
616	619	2033
550	554	558	1972
1899	416	420
1834	351	1765
282	286	1700	217
1631	148
1386	1389	1393
1397	1401	1405	1409
1413	1417	1421
1425	1429	1433
1437	1441	1445	1449
1453	1457
310	391	472
550	554	561	642
723	804	885
966	1044	1051
1129	1136	1217	1295
1301	1379	1460
847	850	857
935	939	946	1027
1105	1109	1116
1194	1198	1205
1283	1287	1294	1372
1379	1460
77	80	84
88	92	96	100
104	108	112
116	120	124
128	132	136	140
144	148
770	773	777
781	785	789	793
797	801	805
809	813	817
821	825	829	833
837	841
308	311	318
396	400	407	488
569	647	654
732	736	743
821	828	909	987
994	1075
924	927	934
1012	1016	1020	1027
1105	1109	1116
1194	1198	1205
1283	1287	1294	1372
1379	1457
462	465	469
473	477	481	488
569	647	651
655	659	663
667	671	675	682
763	841
2795	2722	2649
1166	2580	2507	2434
2361	2288	2215
2142	2069	1996
513	1927	1854	1781
1705	1631	1557
1232	2645	2572
1089	1093	2507	2434
951	2365	2292
2219	736	2150
667	671	2085	602
2016	1942
77	83	164
242	246	253	334
415	493	500
581	662	743
821	828	909	987
994	1075
693	696	2110
627	631	2045	1972
1899	416	420
1834	351	1765
282	286	1700	217
1631	1557
1001	1004	1008
1012	1016	1020	1024
1028	1032	1036
1040	1044	1048
1052	1056	1060	1064
1068	1072
1001	1004	2418
935	939	943	947
951	955	2369
886	890	2304
821	825	2239	756
760	764
77	80	84
88	92	96	1510
27	31	35
39	43	47
51	55	59	63
67	71
770	773	2187
704	708	712	2126
2053	570	574
578	582	1996
513	517	1931	448
1862	379
231	237	318
396	403	484	565
643	650	731
812	890	897
975	982	1063	1144
1225	1306
539	542	1956
473	477	481	1895
412	416	1830
347	351	1765
282	286	1700	1627
1554	71
462	465	472
550	554	558	565
643	647	654
732	736	743
821	825	832	910
917	995
77	80	87
165	169	176	257
335	342	423
501	505	512
590	594	601	682
763	841
1078	2491	2418
935	939	943	2357
2284	801	2215
732	736	2150
667	671	2085	602
2016	1942
1309	1312	1319
1397	1401	1405	1409
1413	1417	1421
1425	1429	1433
1437	1441	1445	1449
1456	1481
847	850	857
935	939	943	950
1028	1032	1039
1117	1121	1128
1206	1210	1217	1295
1302	1380
616	619	2033
550	554	558	1972
1899	416	1830
347	351	1765
282	286	1700	217
1631	148
385	388	395
473	477	484	565
643	647	654
735	813	820
898	902	906	913
994	1075
1078	1081	2495
1012	1016	1020	2434
951	955	2369
886	890	2304
821	825	829	833
2247	764
0	3	10
88	92	96	100
104	108	115
193	197	201
205	209	216	294
298	302
539	542	549
627	631	635	642
720	724	731
809	813	817
821	825	832	910
917	995
1232	1235	2649
1166	1170	1174	2588
1105	1109	1113
1117	1121	2535
1052	1056	1060	1064
2478	995
385	391	472
550	554	561	642
723	801	808
889	970	1051
1129	1136	1217	1295
1302	1383
77	80	84
88	92	96	103
181	185	189
193	197	204
282	286	290	297
375	379
387	468	549
627	631	638	719
800	878	885
966	1044	1051
1129	1136	1217	1298
1379	1460
79	160	241
319	323	330	411
489	496	577
658	739	820
898	905	986	1064
1071	1152
308	311	318
396	400	404	411
489	493	500
578	582	589
667	671	675	682
763	841
154	157	161
165	169	173	177
181	185	189
193	197	201
205	209	213	1627
144	148
1078	1081	1088
1166	1170	1174	1178
1185	1263	1267
1271	1275	1282
1360	1364	1371	1449
1453	1457
847	850	2264
781	785	789	2203
720	724	2138
2065	582	1996
513	517	1931	448
1862	379
1232	1235	2649
1166	1170	1174	2588
1105	1109	2523
2450	967	2381
898	902	2316	833
2247	764
77	83	164
242	246	253	334
415	496	577
658	736	743
821	828	909	990
1071	1152
462	465	472
550	554	558	562
569	647	651
655	659	663
667	671	675	682
760	764
616	619	626
704	708	715	796
874	878	885
966	1044	1051
1129	1133	1140	1218
1225	1306
924	927	2341
858	862	866	2280
797	801	805
809	813	2227
744	748	752	2166
683	687
693	696	703
781	785	789	793
797	801	808
886	890	894
898	902	906	913
991	995
616	619	623
627	631	635	2049
566	570	574
578	582	586
590	594	598	602
606	610
462	465	469
473	477	481	1895
412	416	420
424	428	1842
359	363	367	371
1785	302
1386	1389	2803
1320	1324	1328	1332
1336	1340	2754
1271	1275	2689
1206	1210	1214	1218
2632	1149
1386	1389	2803
1320	1324	1328	2742
2669	1186	1190
1194	1198	2612
1129	1133	2547	1064
2478	995
308	311	318
396	400	404	411
489	496	577
655	659	666
744	748	755	833
840	918
308	311	1725
242	246	250	254
1668	185	189
193	197	201
205	209	213	1627
144	148
77	83	164
242	246	253	334
415	493	500
581	662	743
821	828	909	987
994	1075
693	696	703
781	785	789	793
797	801	805
809	813	820
898	902	906	910
917	995
616	2029	1956
473	477	481	1895
412	416	1830
1757	274	1688
205	209	213	1627
1554	71
847	850	2264
781	785	789	2203
720	724	2138
2065	582	1996
513	517	1931	448
1862	379
385	391	472
550	554	558	565
643	650	731
812	890	897
975	979	986	1064
1071	1152
1078	1081	1085
1089	1093	1097	1101
1105	1109	1113
1117	1121	1125
1129	1133	1137	1141
1145	1149
847	850	857
935	939	943	950
1028	1032	1039
1117	1121	1128
1206	1210	1217	1295
1302	1380
539	542	1956
473	477	481	485
489	493	497
501	505	509
513	517	1931	448
452	456
231	234	238
242	246	250	1664
181	185	189
193	197	201
205	209	213	217
221	225
616	619	626
704	708	715	796
874	878	885
966	1044	1051
1129	1136	1217	1295
1302	1380
462	465	469
473	477	481	1895
412	416	420
424	428	432
436	440	444	1858
375	379
0	3	10
88	92	96	103
184	262	269
347	351	358
436	440	447	525
532	610
231	234	238
242	246	250	257
335	339	346
424	428	435
513	517	521	528
606	610
1386	1389	1393
1397	1401	1405	2819
1336	1340	1344
1348	1352	2766
1283	1287	1291	1295
2709	1226
462	465	469
473	477	481	485
489	493	500
578	582	586
590	594	598	602
606	610
693	696	2110
627	631	635	639
643	647	651
655	659	663
667	671	675	679
683	687
1155	2568	2495
1012	2426	2353	870
2284	2211	2138
2065	582	1996
513	517	1931	1858
1785	1709	1634
1232	1235	2649
1166	1170	2584	2511
1028	1032	2446
963	967	2381
898	902	2316	833
2247	764
693	696	703
781	785	789	793
797	801	808
886	890	897
975	979	986	1064
1071	1149
0	6	87
165	172	253	334
414	492	573	654
735	816	897
975	982	1063	1144
1224	1302	1383
616	619	623
627	631	635	2049
566	570	574
578	582	1996
513	517	521	525
1939	456
770	773	2187
704	708	712	2126
2053	570	1984
501	505	1919
436	1850	1777	294
1708	225
1232	2645	2572
1089	2503	2430	2357
2284	2211	2138
2065	1992	1919
436	1850	1777	1704
1631	1557
616	619	623
627	631	635	2049
566	570	574
578	582	586
590	594	598	602
606	610
693	696	2110
627	631	635	2049
566	570	1984
501	505	1919
436	1850	1777	294
1708	225
385	388	395
473	477	481	488
569	647	651
655	659	666
744	748	755	833
840	918
0	3	10
88	92	96	103
184	262	266
270	274	281
359	363	367	374
455	533
1232	1235	1239
1243	1247	1251	1255
1259	1263	1267
1271	1275	2689
1206	1210	1214	1218
1222	1226
231	237	318
396	403	484	565
643	650	731
812	893	974
1052	1059	1140	1218
1225	1306
539	542	549
627	631	635	639
643	647	651
655	659	663
667	671	675	679
683	687
770	773	780
858	862	866	870
874	878	882
886	890	894
898	902	906	913
991	995
1001	2414	2341
858	862	866	2280
797	801	2215
2142	659	2073
590	594	598	2012
1939	456
693	696	2110
627	631	635	2049
566	570	1984
501	505	1919
436	440	444	1858
375	379
464	545	626
704	708	715	796
874	881	962
1043	1121	1128
1206	1213	1294	1372
1379	1460
616	619	2033
550	554	1968	1895
412	416	1830
1757	274	1688
205	209	213	1627
1554	71
2872	2799	2726
2653	1170	2584	2511
2438	2365	2292
2219	736	2150
667	2081	2008	1935
1862	1788	1712
0	3	10
88	92	96	103
184	262	266
270	274	281
359	363	367	374
455	533
1232	1235	1239
1243	1247	1251	2665
1182	1186	1190
1194	1198	1202
1206	1210	2624	1141
1145	1149
77	80	87
165	169	173	180
258	265	346
424	428	435
513	517	521	528
609	687
385	388	392
396	400	404	408
412	416	420
424	428	432
436	440	444	448
452	456
770	773	780
858	862	869	950
1028	1032	1039
1120	1198	1205
1283	1287	1294	1372
1379	1460
1001	1004	1008
1012	1016	1020	1027
1105	1109	1113
1117	1121	1128
1206	1210	1214	1218
1225	1303
924	927	2341
858	862	2276	2203
720	2134	2061
578	582	1996
513	517	1931	1858
1785	302
308	311	315
319	323	327	1741
258	262	266
270	274	278
282	286	290	294
1708	225
616	619	623
627	631	635	642
720	724	731
809	813	817
821	825	832	910
917	995
2718	2645	1162
1166	2580	2507	2434
951	2365	2292
2219	736	2150
667	671	2085	2012
1939	1865
1078	2491	2418
935	939	943	2357
874	878	2292
2219	736	2150
667	671	2085	602
2016	533
2	83	164
242	246	253	334
415	493	500
581	662	743
821	828	909	987
994	1075
616	619	623
627	631	635	639
2053	570	574
578	582	586
590	594	598	602
2016	533
770	773	2187
704	708	712	2126
2053	570	574
578	582	1996
513	517	1931	448
1862	379
154	157	164
242	246	250	257
335	339	343
347	351	358
436	440	444	448
455	533
693	699	780
858	862	866	873
951	955	962
1043	1121	1128
1206	1210	1217	1295
1302	1383
385	391	472
550	554	558	565
643	650	731
812	890	897
975	982	1063	1141
1148	1229
1386	2799	2726
2653	1170	2584	2511
2438	955	2369
2296	813	2227
744	2158	2085	602
2016	1942
539	542	549
627	631	635	642
720	724	731
809	813	817
821	825	832	910
917	995
2564	2491	2418
935	939	2353	2280
2207	724	2138
2065	1992	1919
436	1850	1777	294
1705	1631	1557
693	696	700
704	708	712	716
720	724	2138
655	659	663
667	671	675	679
683	687
231	237	318
396	400	407	488
569	647	654
735	813	820
898	905	986	1064
1071	1152
539	545	626
704	708	712	719
800	878	885
963	967	974
1052	1059	1140	1218
1225	1303
1001	1004	2418
935	939	943	947
951	955	2369
886	890	894
898	902	906	910
2324	841
1463	2876	2803
1320	1324	1328	2742
2669	1186	1190
1194	1198	2612
1129	2543	2470	987
2401	918
924	927	931
935	939	943	950
1028	1032	1036
1040	1044	1051
1129	1133	1137	1141
1145	1149
693	696	703
781	788	869	947
951	955	962
1040	1044	1051
1129	1133	1140	1218
1225	1306
924	927	931
935	939	943	947
951	955	959
963	967	2381
898	902	906	910
914	918
1001	1004	2418
935	939	2353	2280
797	801	2215
732	736	2150
667	671	2085	2012
1939	456
308	311	315
319	323	327	331
335	339	1753
270	274	278
282	286	290	294
1708	225
1078	1081	2495
1012	1016	1020	2434
951	955	2369
886	890	894
898	902	2316	833
2247	764
1309	1312	1316
1320	1324	1328	2742
1259	1263	1267
1271	1275	2689
1206	1210	1214	1218
2632	1149
2718	2645	2572
1089	1093	2507	2434
2361	2288	2215
2142	2069	1996
513	1927	1854	1781
1708	1634
385	388	395
473	477	481	485
489	493	497
501	505	512
590	594	598	602
609	687
2718	2645	1162
1166	1170	1174	2588
2515	1032	2446
2373	890	2304
821	2235	2162	679
2093	610
462	465	472
550	554	561	642
723	801	808
886	890	897
975	982	1063	1141
1148	1226
1463	1464	2880
1397	1401	1405	2819
2746	1263	2677
1194	1198	2612
1129	1133	2547	1064
2478	995
385	388	395
473	477	481	485
489	493	497
501	505	509
513	517	521	528
606	610
770	773	780
858	862	869	950
1028	1032	1039
1117	1121	1128
1206	1210	1217	1295
1302	1383
0	6	87
165	169	176	257
338	419	500
581	659	666
744	751	832	910
917	998
616	619	623
627	631	635	639
643	647	654
732	736	740
744	748	752	756
760	764
462	465	469
473	477	481	488
566	570	574
578	582	589
667	671	675	679
683	687
385	388	395
473	477	481	485
489	493	497
501	505	512
590	594	598	602
606	610
1309	1312	1316
1320	1324	1328	2742
2669	1186	1190
1194	1198	2612
1129	1133	1137	1141
2555	1072
770	2183	2110
627	631	635	2049
566	570	1984
1911	428	1842
359	363	367	1781
1708	225
616	619	2033
550	554	558	1972
1899	416	420
424	428	1842
359	363	367	371
1785	302
77	80	87
165	169	173	177
184	262	266
270	274	278
282	286	290	297
375	379
2641	2568	2495
1012	2426	2353	870
2284	2211	2138
2065	582	1996
513	1927	1854	1781
1708	1634
847	850	857
935	939	943	947
951	955	962
1040	1044	1048
1052	1056	1063	1141
1148	1226
1001	1004	1008
1012	1016	1020	1024
1028	1032	2446
963	967	971
975	979	983	2397
914	918
1078	1081	2495
1012	1016	1020	1024
1028	1032	2446
963	967	971
975	979	983	2397
914	918
0	3	7
11	15	19	23
30	108	112
116	120	124
128	132	136	143
221	225
1386	2799	2726
1243	1247	2661	2588
2515	1032	2446
2373	890	2304
821	2235	2162	679
2093	2019
1309	1312	2726
1243	1247	1251	1255
2669	1186	1190
1194	1198	2612
1129	1133	1137	1141
2555	1072
2	83	164
242	246	253	334
415	496	577
658	736	743
821	828	909	990
1071	1152
231	234	238
242	246	250	257
335	339	343
347	351	355
359	363	367	374
452	456
539	542	549
627	631	638	719
797	801	808
889	967	974
1052	1056	1063	1141
1148	1229
1001	1004	2418
935	939	2353	2280
2207	724	2138
655	659	2073
590	2004	1931	448
1862	379
0	3	7
11	15	19	23
27	31	35
39	43	47
51	55	59	63
67	71
0	3	10
88	92	96	100
104	108	115
193	197	204
282	286	290	294
301	379
1078	1081	2495
1012	1016	1020	1024
1028	1032	2446
963	967	2381
898	902	906	910
2324	841
154	160	241
319	323	327	334
415	493	497
501	505	512
590	594	601	679
686	767
924	927	2341
858	862	866	870
874	878	2292
809	813	2227
744	748	752	2166
683	687
1078	1081	1085
1089	1093	1097	1101
1105	1109	2523
1040	1044	1048
1052	1056	1060	1064
1068	1072
1078	1081	1085
1089	1093	1097	1104
1182	1186	1190
1194	1198	1205
1283	1287	1291	1295
1302	1380
1001	1004	2418
935	939	943	2357
874	878	2292
809	813	2227
744	748	752	2166
2093	610
1155	2568	2495
1012	2426	2353	870
2284	801	2215
2142	659	2073
590	594	598	2012
1939	1865
539	542	546
550	554	558	1972
489	493	497
501	505	1919
436	440	444	1858
375	379
770	2183	2110
627	631	635	2049
566	1980	1907
1834	351	1765
282	286	1700	1627
1554	71
693	696	700
704	708	712	716
720	724	728
732	736	740
744	748	752	756
760	764
308	311	318
396	400	404	411
489	493	500
578	582	589
667	671	675	682
763	841
1232	1235	2649
1166	1170	1174	2588
1105	1109	2523
1040	1044	2458
975	979	983	2397
2324	841
1155	2568	2495
1012	2426	2353	870
874	878	2292
2219	736	2150
667	671	2085	602
2016	1942
462	465	469
473	477	481	485
489	493	497
501	505	509
513	517	1931	448
452	456
770	773	2187
704	708	2122	2049
566	570	1984
501	505	1919
436	440	444	1858
1785	302
1463	2876	2803
1320	2734	2661	1178
2592	1109	2523
2450	967	2381
898	2312	2239	756
2170	687
1155	1158	1165
1243	1247	1251	1255
1259	1263	1270
1348	1352	1356
1360	1364	1371	1449
1453	1457
308	311	315
319	323	327	334
412	416	420
424	428	435
513	517	521	528
606	610
1078	1081	2495
1012	1016	1020	2434
951	955	2369
886	890	2304
821	825	2239	756
2170	687
1078	2491	2418
935	939	943	2357
874	878	2292
2219	736	2150
667	671	2085	602
2016	533
1309	1312	2726
1243	1247	2661	2588
1105	1109	2523
1040	1044	2458
975	2389	2316	833
2247	764
0	6	87
165	169	176	257
335	339	346
427	505	512
590	594	601	682
763	841
154	157	164
242	246	250	257
335	339	343
347	351	358
436	440	447	525
529	533
462	465	1879
396	400	404	1818
335	339	1753
270	274	1688
205	209	213	1627
1554	71
616	619	623
627	631	635	2049
566	570	1984
501	505	509
513	517	1931	448
1862	379
2872	2799	2726
2653	1170	2584	2511
2438	2365	2292
2219	2146	2070	1996
513	1927	1854	1781
1705	1631	1557
79	160	241
319	323	330	411
492	573	654
735	816	897
975	982	1063	1144
1224	1302	1383
308	311	315
319	323	327	1741
1668	185	189
193	197	1611
128	132	1546	63
67	71
924	927	931
935	939	943	2357
874	878	2292
809	813	2227
744	748	752	2166
683	687
1001	2414	2341
858	862	866	2280
797	801	2215
2142	659	2073
590	594	598	2012
1939	456
847	2260	2187
704	708	712	2126
2053	570	1984
501	505	1919
436	1850	1777	294
1708	225
385	391	472
550	557	638	719
800	878	885
966	1044	1051
1129	1136	1217	1295
1302	1383
1309	1312	2726
1243	1247	1251	1255
1259	1263	1267
1271	1275	1279
1283	1287	2701	1218
1222	1226
1001	1004	1011
1089	1093	1097	1101
1105	1109	1116
1194	1198	1202
1206	1210	1217	1295
1299	1303
154	157	164
242	246	250	257
335	339	343
347	351	358
436	440	447	525
532	610
2410	2337	2264
781	2195	2122	639
2053	570	1984
1911	428	1842
359	1773	1700	217
1631	1557
231	234	238
242	246	250	254
258	262	269
347	351	355
359	363	367	371
375	379
308	311	1725
242	246	250	254
1668	185	189
193	197	1611
128	132	1546	63
67	71
770	773	777
781	785	789	796
874	878	885
963	967	971
975	979	986	1064
1071	1149
1463	1464	2880
1397	1401	1405	2819
1336	1340	2754
1271	1275	2689
1206	2620	2547	1064
2478	995
1386	1389	2803
1320	2734	2661	1178
1182	1186	2600
1117	1121	2535
1052	2466	2393	910
2324	841
1001	1004	2418
935	939	943	2357
874	878	2292
809	813	2227
744	748	752	2166
2093	610
308	314	395
473	477	484	565
643	647	654
735	813	820
898	905	986	1064
1071	1152
0	3	10
88	92	96	103
184	262	266
270	274	281
359	366	447	525
532	610
770	773	777
781	785	789	2203
720	724	728
732	736	740
744	748	752	2166
683	687
0	6	87
165	172	253	334
415	496	577
658	739	820
898	905	986	1067
1147	1225	1306
847	2260	2187
704	708	712	2126
2053	570	1984
1911	428	1842
359	1773	1700	217
1631	1557
1078	1081	2495
1012	1016	1020	2434
951	955	959
963	967	2381
898	902	2316	833
2247	764
154	157	164
242	246	250	257
335	339	346
424	428	435
513	517	521	528
609	687
1078	1081	2495
1012	1016	1020	2434
951	955	2369
886	890	2304
821	825	2239	756
2170	687
385	391	472
550	554	561	642
723	801	808
889	967	974
1052	1059	1140	1218
1225	1306
770	773	777
781	785	789	796
874	878	882
886	890	897
975	979	983	987
991	995
539	542	1956
473	477	481	1895
412	416	1830
347	351	1765
282	286	290	294
1708	225
2718	2645	1162
1166	1170	1174	2588
1105	1109	2523
2450	967	2381
898	902	2316	833
2247	764
462	465	1879
396	400	404	1818
335	339	1753
270	274	278
282	286	1700	217
1631	148
385	388	395
473	477	481	485
489	493	497
501	505	509
513	517	521	528
606	610
847	2260	2187
704	708	712	2126
2053	570	1984
1911	428	1842
359	363	367	1781
1708	1634
462	465	469
473	477	481	485
489	493	497
501	505	509
513	517	521	525
529	533
1386	1389	1393
1397	1401	1405	1409
1413	1417	1421
1425	1429	1433
1437	1441	1445	1449
2863	1380
154	157	164
242	246	253	334
415	493	497
504	582	589
667	671	675	682
763	844
1386	2799	2726
1243	1247	1251	2665
2592	1109	2523
2450	967	2381
898	902	2316	833
2247	2173
1001	1004	2418
935	939	943	2357
874	878	2292
809	813	2227
744	748	752	2166
2093	610
693	696	2110
627	631	635	2049
566	570	1984
501	505	1919
436	440	444	1858
1785	302
770	773	2187
704	708	2122	2049
566	570	1984
501	505	1919
436	440	444	1858
1785	302
0	3	10
88	92	96	103
184	262	266
270	274	281
359	366	447	525
532	610
770	2183	2110
627	631	2045	1972
1899	416	420
1834	351	1765
282	286	1700	1627
1554	71
1463	1464	2880
1397	1401	1405	1409
2823	1340	1344
1348	1352	1356
1360	1364	2778	1295
2709	1226
770	2183	2110
627	631	2045	1972
1899	416	420
1834	351	1765
282	286	1700	1627
1554	71
77	80	87
165	169	176	257
335	339	346
427	505	512
590	594	601	679
686	767
0	3	10
88	92	99	180
258	265	346
427	505	512
590	594	601	679
686	767
770	773	777
781	785	789	796
874	878	882
886	890	897
975	979	983	987
994	1072
462	465	469
473	477	481	1895
412	416	420
424	428	432
436	440	444	448
1862	379
77	83	164
242	246	253	334
415	496	577
658	736	743
821	828	909	987
993	1071	1152
231	234	241
319	323	330	411
489	493	500
578	582	589
667	674	755	833
840	918
924	2337	2264
781	785	789	2203
720	2134	2061
1988	505	1919
436	440	444	1858
1785	1711
0	3	7
11	15	22	103
184	262	266
270	274	281
359	366	447	525
532	610
231	234	241
319	323	330	411
489	493	500
581	659	666
744	748	755	833
840	921
1001	2414	2341
858	862	2276	2203
2130	2057	1984
1911	428	1842
359	1773	1700	217
1631	1557
231	234	238
242	246	250	257
335	339	346
424	428	435
513	517	521	528
606	610
924	927	931
935	939	943	2357
874	878	882
886	890	894
898	902	906	910
914	918
385	388	1802
319	323	327	1741
1668	185	189
193	197	1611
128	132	1546	63
67	71
539	542	546
550	554	558	1972
489	493	497
501	505	509
513	517	1931	448
452	456
154	157	164
242	246	250	257
335	339	346
424	428	435
513	517	521	528
609	687
2718	2645	1162
1166	1170	2584	2511
2438	2365	2292
2219	736	2150
667	671	2085	2012
1936	1862	1788
847	850	857
935	939	943	950
1028	1032	1039
1117	1121	1128
1206	1210	1217	1295
1302	1380
0	3	10
88	92	99	180
258	265	346
427	505	512
590	594	601	682
763	844
924	927	934
1012	1016	1020	1027
1105	1109	1116
1194	1198	1205
1283	1287	1294	1372
1379	1457
1155	1158	2572
1089	1093	1097	2511
1028	1032	2446
963	967	2381
898	902	2316	833
2247	764
1463	2876	2803
1320	2734	2661	1178
2592	1109	2523
2450	967	2381
898	902	2316	833
2247	2173
156	237	318
396	400	407	488
569	650	731
812	893	974
1052	1059	1140	1218
1224	1302	1383
1232	1235	2649
1166	1170	2584	2511
1028	1032	2446
2373	890	2304
821	825	2239	756
2170	2096
1078	2491	2418
935	939	2353	2280
2207	724	2138
2065	582	1996
513	517	1931	1858
1785	302
308	311	315
319	323	327	331
335	339	343
347	351	1765
282	286	290	294
298	302
770	773	2187
704	708	712	2126
2053	570	574
578	582	1996
513	517	1931	448
1862	379
2718	2645	1162
1166	1170	2584	2511
2438	955	2369
2296	813	2227
744	748	752	2166
2093	2019
693	696	703
781	785	789	796
874	878	885
966	1044	1051
1129	1133	1140	1218
1225	1303
1386	1389	1393
1397	1401	1405	2819
1336	1340	1344
1348	1352	1356
1360	1364	1368	1372
1376	1380
539	542	1956
473	477	481	1895
412	416	1830
1757	274	1688
205	209	213	1627
1554	71
1078	1081	2495
1012	1016	1020	2434
951	955	2369
886	890	2304
821	825	2239	756
2170	687
1386	2799	2726
1243	1247	1251	2665
2592	1109	2523
2450	967	2381
898	902	2316	833
2247	2173
1078	1081	2495
1012	2426	2353	870
874	878	2292
809	813	2227
744	2158	2085	602
2016	533
770	773	780
858	862	866	873
951	955	959
963	967	974
1052	1056	1063	1141
1145	1149
1001	2414	2341
858	862	866	2280
797	801	2215
2142	659	2073
590	594	598	2012
1939	456
0	3	7
11	15	19	23
30	108	112
116	120	124
128	132	136	143
224	302
924	2337	2264
781	2195	2122	639
2053	570	1984
1911	1838	1765
282	286	1700	1627
1554	71
847	850	2264
781	785	789	2203
720	724	2138
655	659	2073
590	594	598	2012
1939	456
385	388	395
473	477	481	488
569	647	651
655	659	666
744	751	832	910
917	995
231	234	238
242	246	250	254
258	262	266
270	274	278
282	286	290	294
298	302
77	83	164
242	246	253	334
415	493	500
581	659	666
744	751	832	910
917	998
693	696	700
704	708	712	716
720	724	728
732	736	740
744	748	752	756
760	764
616	619	623
627	631	635	639
643	647	651
655	659	663
667	671	675	679
683	687
77	83	164
242	246	253	334
415	493	500
581	659	666
744	751	832	910
917	995
924	927	931
935	939	943	947
951	955	959
963	967	971
975	979	983	987
991	995
154	157	161
165	169	173	177
181	185	1599
116	120	124
128	132	136	140
1554	71
1232	1235	1239
1243	1247	1251	1258
1336	1340	1344
1348	1352	1356
1360	1364	1371	1449
1453	1457
154	160	241
319	326	407	488
569	647	654
735	816	897
975	982	1063	1141
1147	1225	1306
616	622	703
781	785	789	796
874	878	885
966	1044	1051
1129	1133	1140	1218
1225	1303
0	6	87
165	169	173	180
258	262	269
347	351	358
436	440	447	525
532	610
770	773	2187
704	708	712	716
720	724	2138
655	659	663
667	671	2085	602
606	610
462	465	472
550	554	561	642
720	724	731
809	813	820
898	902	906	913
994	1072
154	157	1571
88	92	96	100
104	108	112
116	120	124
128	132	136	140
144	148
77	83	164
242	249	330	411
489	496	577
658	736	743
821	828	909	987
994	1075
308	311	1725
242	246	250	254
1668	185	189
193	197	1611
128	132	136	140
1554	71
770	773	2187
704	708	712	716
720	724	728
732	736	2150
667	671	675	679
683	687
308	311	315
319	323	327	1741
258	262	266
270	274	1688
205	209	213	217
1631	148
1001	1004	2418
935	939	943	2357
874	878	2292
809	813	2227
744	748	752	2166
2093	610
1001	1004	1008
1012	1016	1020	1024
1028	1032	1036
1040	1044	1051
1129	1133	1137	1141
1145	1149
79	160	241
319	323	330	411
492	573	654
735	813	820
898	905	986	1067
1148	1229
0	6	87
165	169	173	180
258	265	346
427	505	512
590	594	601	679
686	767
308	311	315
319	323	327	1741
258	262	266
270	274	278
282	286	1700	217
221	225
308	311	315
319	323	327	334
415	493	497
501	505	509
513	517	521	528
609	687
924	927	934
1012	1016	1020	1024
1028	1032	1039
1117	1121	1128
1206	1210	1214	1218
1225	1303
616	619	623
627	631	635	2049
566	570	574
578	582	586
590	594	598	602
2016	533
2718	2645	1162
1166	1170	1174	2588
2515	1032	2446
963	967	2381
898	2312	2239	756
2170	687
693	696	703
781	788	869	947
951	955	962
1043	1121	1128
1206	1210	1217	1295
1302	1383
0	3	7
11	15	19	23
27	31	35
39	43	47
51	55	59	63
67	71
847	2260	2187
704	708	2122	2049
566	1980	1907
424	428	1842
359	1773	1700	217
1631	1557
1386	1389	2803
1320	1324	1328	1332
1336	1340	1344
1348	1352	2766
1283	1287	1291	1295
2709	1226
1001	2414	2341
858	862	2276	2203
720	2134	2061
1988	505	1919
436	1850	1777	294
1708	1634
1232	2645	2572
1089	1093	2507	2434
951	2365	2292
809	813	2227
744	2158	2085	602
2016	1942
154	157	164
242	246	253	334
415	493	500
578	582	589
667	674	755	833
840	921
1309	1312	2726
1243	1247	2661	2588
1105	1109	2523
1040	1044	2458
975	979	983	2397
2324	2250
0	3	7
11	15	19	23
30	108	112
116	120	124
128	132	136	143
221	225
308	314	395
473	477	484	565
643	650	731
812	890	897
975	982	1063	1141
1148	1229
231	237	318
396	400	404	411
489	496	577
658	736	743
821	828	909	987
994	1075
1078	2491	2418
935	939	2353	2280
2207	724	2138
2065	1992	1919
436	1850	1777	294
1708	1634
847	2260	2187
704	708	712	2126
2053	570	1984
1911	428	1842
359	363	367	1781
1708	1634
0	3	10
88	92	96	100
104	108	115
193	197	201
205	209	216	294
298	302
1078	1081	1088
1166	1170	1174	1178
1185	1263	1267
1271	1275	1282
1360	1364	1371	1449
1456	1481
1001	1004	2418
935	939	943	2357
874	878	2292
809	813	2227
744	748	752	756
2170	687
77	80	87
165	169	173	177
184	262	266
270	274	281
359	363	367	374
455	533
1001	2414	2341
858	862	2276	2203
720	2134	2061
1988	505	1919
436	1850	1777	294
1708	1634
2869	2795	2722	2649
1166	2580	2507	2434
2361	2288	2215
2142	2069	1996
1923	1850	1777	1704
1631	1557
1463	1464	2880
1397	1401	1405	2819
1336	1340	2754
1271	1275	2689
1206	1210	1214	1218
2632	1149
924	927	934
1012	1016	1020	1024
1028	1032	1039
1117	1121	1128
1206	1210	1214	1218
1225	1303
924	927	931
935	939	943	947
951	955	959
963	967	974
1052	1056	1060	1064
1068	1072
1155	1158	2572
1089	1093	1097	2511
1028	1032	2446
963	967	2381
898	902	2316	833
2247	764
616	619	623
627	631	635	642
720	724	728
732	736	743
821	825	829	833
840	918
2	83	164
242	249	330	411
492	573	654
735	816	897
975	982	1063	1144
1224	1301	1379	1460
1001	1004	1011
1089	1093	1097	1101
1105	1109	1116
1194	1198	1205
1283	1287	1291	1295
1302	1380
462	465	472
550	554	558	562
566	570	574
578	582	586
590	594	601	679
683	687
1386	1389	2803
1320	2734	2661	1178
1182	1186	2600
2527	1044	2458
975	979	983	2397
2324	2250
924	2337	2264
781	2195	2122	639
2053	570	1984
1911	428	1842
359	1773	1700	217
1631	1557
308	311	315
319	323	327	331
335	339	346
424	428	432
436	440	447	525
529	533
1386	1389	1393
1397	1401	1405	2819
1336	1340	1344
1348	1352	2766
1283	1287	2701	1218
1222	1226
1386	1389	2803
1320	1324	1328	1332
1336	1340	2754
1271	1275	2689
1206	1210	1214	1218
2632	1149
231	234	241
319	323	330	411
489	496	577
655	659	666
744	751	832	910
917	995
2872	2799	2726
2653	2580	2507	2434
2361	2288	2215
2142	2069	1996
513	1927	1854	1781
1705	1631	1557
308	311	318
396	400	407	488
569	647	651
658	736	743
821	825	832	910
917	998
231	237	318
396	400	407	488
569	647	651
658	736	743
821	828	909	987
994	1075
231	237	318
396	400	407	488
569	647	654
735	813	820
898	905	986	1064
1071	1152
693	2106	2033
550	554	1968	1895
412	416	1830
1757	274	1688
205	209	213	1627
1554	71
1463	2876	2803
1320	2734	2661	1178
2592	1109	2523
1040	1044	2458
975	2389	2316	833
2247	2173
924	927	931
935	939	943	950
1028	1032	1036
1040	1044	1051
1129	1133	1137	1141
1145	1149
770	773	780
858	862	866	873
951	955	962
1040	1044	1051
1129	1133	1140	1218
1225	1303
385	388	395
473	477	481	485
489	493	500
578	582	586
590	594	598	602
609	687
616	619	626
704	708	712	719
797	801	808
886	890	897
975	979	986	1064
1071	1149
308	311	318
396	400	404	411
489	496	577
655	659	666
744	751	832	910
917	995
770	773	2187
704	708	712	2126
2053	570	574
1988	505	1919
436	440	444	1858
1785	302
616	619	623
627	631	635	639
643	647	651
655	659	663
667	671	675	679
683	687
1078	1081	1088
1166	1170	1174	1181
1259	1263	1267
1271	1275	1282
1360	1364	1371	1449
1456	1481
539	542	549
627	631	638	719
797	801	808
889	967	974
1052	1056	1063	1141
1148	1229
1155	2568	2495
1012	2426	2353	870
2284	801	2215
2142	659	2073
590	594	598	2012
1939	1865
1155	1158	1165
1243	1247	1251	1255
1259	1263	1270
1348	1352	1356
1360	1364	1371	1449
1453	1457
154	157	164
242	246	250	257
335	339	346
424	428	435
513	517	521	528
609	690
924	2337	2264
781	2195	2122	639
2053	570	1984
1911	428	1842
359	1773	1700	217
1631	1557
0	6	87
165	169	176	257
335	342	423
504	582	589
667	671	675	682
763	844
924	927	931
935	939	943	947
951	955	959
963	967	971
975	979	983	987
991	995
924	2337	2264
781	785	789	2203
720	724	2138
2065	582	1996
513	517	1931	448
1862	1788
154	157	164
242	246	250	257
335	339	346
424	428	435
513	520	601	679
686	764
1386	2799	2726
1243	1247	2661	2588
1105	1109	2523
2450	967	2381
898	2312	2239	756
2170	687
1309	1312	1316
1320	1324	1328	1332
1336	1340	1344
1348	1352	1356
1360	1364	1368	1372
1376	1380
231	237	318
396	400	404	411
489	493	500
578	582	589
667	671	675	682
763	844
1155	2568	2495
1012	2426	2353	870
2284	801	2215
2142	659	2073
590	594	598	2012
1939	1865
385	388	392
396	400	404	411
489	493	500
578	582	586
590	594	601	679
686	764
770	773	780
858	862	866	873
951	955	962
1040	1044	1051
1129	1133	1140	1218
1225	1303
1232	1235	1239
1243	1247	1251	2665
1182	1186	2600
1117	1121	2535
1052	1056	2470	987
2401	918
462	465	472
550	554	558	565
643	647	654
732	736	743
821	825	832	910
917	995
770	773	777
781	785	789	793
797	801	2215
732	736	740
744	748	752	2166
683	687
77	80	87
165	169	173	180
258	262	269
347	351	358
436	440	447	525
532	610
770	773	2187
704	708	712	2126
2053	570	574
578	582	1996
513	517	1931	448
1862	379
2795	2722	2649
1166	1170	2584	2511
2438	2365	2292
2219	2146	2073
590	2004	1931	1858
1785	1709	1634
1386	1389	2803
1320	1324	1328	2742
2669	1186	1190
1194	1198	2612
1129	1133	1137	1141
2555	1072
1001	1004	1011
1089	1093	1097	1104
1182	1186	1190
1194	1198	1205
1283	1287	1294	1372
1379	1457
2	83	164
242	246	253	334
415	496	577
658	739	820
898	905	986	1067
1148	1229
1232	2645	2572
1089	1093	1097	2511
1028	1032	2446
2373	890	2304
821	825	2239	756
2170	687
385	391	472
550	554	561	642
720	724	731
812	890	897
975	982	1063	1141
1148	1226
847	850	2264
781	785	789	2203
720	724	2138
655	659	663
667	671	2085	602
2016	533
385	391	472
550	557	638	719
800	878	885
966	1044	1051
1129	1136	1217	1295
1302	1383
616	622	703
781	785	789	796
874	878	885
966	1044	1051
1129	1133	1140	1218
1225	1306
539	542	546
550	554	558	562
566	570	574
578	582	586
590	594	598	602
606	610
924	927	931
935	939	943	947
951	955	959
963	967	2381
898	902	906	910
914	918
616	619	626
704	708	712	719
797	801	808
889	967	974
1052	1056	1063	1141
1148	1226
616	619	2033
550	554	558	1972
1899	416	1830
347	351	1765
282	286	1700	217
1631	148
770	773	777
781	785	789	793
797	801	805
809	813	817
821	825	829	833
837	841
0	3	7
11	15	19	26
104	108	115
193	197	204
282	286	290	297
378	456
770	773	777
781	785	789	2203
720	724	728
732	736	2150
667	671	675	679
2093	610
231	234	238
242	246	250	254
258	262	266
270	274	281
359	363	367	371
375	379
385	388	1802
319	323	327	1741
258	262	266
270	274	1688
205	209	213	1627
1554	71
1386	2799	2726
1243	1247	1251	2665
2592	1109	2523
1040	1044	2458
975	2389	2316	833
2247	764
1155	1158	2572
1089	1093	1097	1101
1105	1109	2523
1040	1044	2458
975	979	983	987
2401	918
924	927	931
935	939	943	947
951	955	959
963	967	971
975	979	983	987
991	995
770	773	777
781	785	789	793
797	801	805
809	813	817
821	825	829	833
837	841
462	465	1879
396	400	404	408
412	416	1830
347	351	1765
282	286	290	294
1708	225
770	773	777
781	785	789	793
797	801	808
886	890	894
898	902	906	910
914	918
1386	2799	2726
2653	1170	2584	2511
2438	2365	2292
2219	736	2150
667	2081	2008	1935
1862	1788	1712
1386	1389	2803
1320	1324	1328	2742
2669	1186	1190
1194	1198	2612
1129	1133	2547	1064
1068	1072
2872	2799	2726
1243	1247	2661	2588
2515	2442	2369
2296	813	2227
744	2158	2085	602
2016	1940	1865
462	465	472
550	554	558	565
643	647	654
732	736	743
821	825	832	910
917	995
0	3	10
88	92	99	180
261	342	423
504	582	589
667	674	755	833
840	921
770	773	780
858	862	869	950
1028	1032	1039
1117	1121	1128
1206	1213	1294	1372
1379	1457
770	2183	2110
627	631	2045	1972
1899	416	420
1834	351	1765
282	286	1700	1627
1554	71
1463	1464	2880
1397	1401	1405	2819
1336	1340	2754
1271	1275	1279
1283	1287	2701	1218
2632	1149
0	3	10
88	92	99	180
258	262	269
347	351	358
436	440	447	528
609	687
1078	1081	1088
1166	1170	1174	1178
1182	1186	1190
1194	1198	1205
1283	1287	1291	1295
1299	1303
1463	2876	2803
1320	2734	2661	1178
2592	1109	2523
2450	967	2381
898	2312	2239	756
2170	2096
77	80	87
165	169	173	180
258	262	269
350	428	435
513	517	521	528
609	687
539	542	549
627	631	635	642
720	724	731
809	813	820
898	902	906	913
994	1072
2872	2799	2726
2653	1170	2584	2511
2438	2365	2292
2219	2146	2073
590	2004	1931	448
1862	1788	1712
385	391	472
550	557	638	719
800	878	885
966	1044	1051
1129	1136	1217	1295
1301	1379	1460
847	850	2264
781	785	789	2203
720	724	728
732	736	2150
667	671	675	679
2093	610
847	2260	2187
704	708	2122	2049
566	570	1984
1911	428	1842
359	363	367	1781
1708	1634
77	83	164
242	249	330	411
489	496	577
658	736	743
821	828	909	987
994	1075
2872	2799	2726
1243	1247	2661	2588
2515	1032	2446
2373	2300	2227
744	2158	2085	602
2016	1942
616	619	626
704	708	712	716
720	724	728
732	736	743
821	825	829	833
837	841
770	773	777
781	785	789	2203
720	724	2138
655	659	663
667	671	2085	602
2016	533
539	542	546
550	554	558	1972
1899	416	420
424	428	1842
359	363	367	1781
1708	225
616	619	626
704	708	712	716
720	724	728
732	736	740
744	748	752	756
760	764
616	619	626
704	708	712	716
720	724	731
809	813	820
898	902	906	913
994	1072
539	542	549
627	631	635	639
643	647	654
732	736	740
744	748	755	833
837	841
154	157	161
165	169	173	180
258	262	266
270	274	278
282	286	290	294
298	302
1001	1004	1008
1012	1016	1020	1027
1105	1109	1116
1194	1198	1202
1206	1210	1217	1295
1299	1303
1232	1235	1239
1243	1247	1251	2665
1182	1186	1190
1194	1198	1202
1206	1210	1214	1218
1222	1226
385	388	395
473	477	481	488
569	647	651
655	659	666
744	748	755	833
840	921
385	388	395
473	477	484	565
643	647	654
732	736	743
821	825	832	910
917	995
847	850	2264
781	785	789	793
797	801	2215
732	736	2150
667	671	2085	602
606	610
1001	1004	2418
935	939	943	2357
2284	801	2215
732	736	2150
667	671	2085	602
2016	1942
77	83	164
242	246	250	257
335	342	423
501	505	512
590	594	601	682
763	841
385	388	395
473	477	481	488
566	570	574
578	582	589
667	671	675	682
763	841
539	542	546
550	554	558	1972
1899	416	420
424	428	1842
359	363	367	371
1785	302
616	619	623
627	631	635	639
643	647	654
732	736	740
744	748	755	833
837	841
1078	1081	1088
1166	1170	1174	1178
1182	1186	1190
1194	1198	1202
1206	1210	1217	1295
1299	1303
385	388	395
473	477	481	488
566	570	574
578	582	589
667	671	675	682
763	841
924	2337	2264
781	785	789	2203
720	2134	2061
1988	505	1919
436	1850	1777	294
1708	1634
231	237	318
396	403	484	565
646	727	808
889	967	974
1055	1136	1217	1295
1301	1379	1460
1232	1235	1239
1243	1247	1251	1255
1259	1263	1267
1271	1275	1282
1360	1364	1368	1372
1376	1380
1386	2799	2726
1243	1247	1251	2665
2592	1109	2523
2450	967	2381
898	902	2316	833
2247	2173
385	391	472
550	554	561	642
723	801	808
889	967	974
1052	1059	1140	1218
1225	1306
79	160	241
319	323	330	411
489	496	577
658	739	820
898	905	986	1064
1071	1152	1231
308	314	395
473	477	481	488
569	647	654
735	813	820
898	905	986	1064
1071	1152
2795	2722	2649
1166	1170	2584	2511
2438	2365	2292
2219	736	2150
667	2081	2008	1935
1862	1788
0	3	10
88	92	96	103
181	185	189
193	197	204
282	286	290	297
375	379
847	850	854
858	862	866	873
951	955	962
1040	1044	1048
1052	1056	1063	1141
1148	1226
1309	1312	1316
1320	1324	1328	1332
1336	1340	2754
1271	1275	1279
1283	1287	1291	1295
1299	1303
308	311	315
319	323	327	331
335	339	343
347	351	355
359	363	367	371
375	379
231	234	238
242	246	250	1664
181	185	189
193	197	1611
128	132	1546	63
67	71
1386	1389	2803
1320	1324	1328	2742
1259	1263	1267
1271	1275	2689
1206	1210	2624	1141
2555	1072
1078	1081	1085
1089	1093	1097	2511
1028	1032	1036
1040	1044	2458
975	979	983	2397
914	918
154	157	164
242	246	250	254
258	262	269
347	351	355
359	363	367	371
378	456
1155	1158	2572
1089	1093	1097	2511
2438	955	2369
886	890	2304
821	825	2239	756
2170	687
924	927	934
1012	1016	1020	1024
1028	1032	1036
1040	1044	1051
1129	1133	1137	1141
1145	1149
385	388	392
396	400	404	408
415	493	497
501	505	509
513	517	521	525
529	533
1386	1389	2803
1320	1324	1328	1332
1336	1340	2754
1271	1275	2689
1206	1210	2624	1141
1145	1149
847	850	854
858	862	866	870
874	878	882
886	890	2304
821	825	829	833
837	841
0	3	10
88	92	99	180
258	262	269
347	351	358
436	440	447	528
609	687
847	850	2264
781	785	789	793
797	801	2215
732	736	2150
667	671	675	679
2093	610
308	311	318
396	400	404	411
489	496	577
655	659	666
744	748	755	833
840	921
154	157	164
242	246	250	257
335	339	343
347	351	358
436	440	447	525
532	610
770	2183	2110
627	631	635	2049
566	570	1984
501	505	1919
436	440	444	1858
1785	302
1155	1158	1162
1166	1170	1174	1178
1182	1186	1190
1194	1198	1202
1206	1210	1214	1218
1222	1226
462	465	469
473	477	481	1895
412	416	1830
347	351	1765
282	286	290	294
1708	225
539	542	546
550	554	558	562
566	570	1984
501	505	509
513	517	521	525
529	533
385	388	395
473	477	484	565
643	647	654
735	813	820
898	905	986	1064
1071	1149
1078	1081	2495
1012	1016	1020	2434
951	955	2369
886	890	2304
821	825	829	833
2247	764
1078	1081	2495
1012	2426	2353	870
2284	801	2215
732	736	2150
667	671	2085	2012
1939	456
539	542	546
550	554	558	1972
489	493	497
501	505	509
513	517	1931	448
452	456
1078	1081	2495
1012	1016	1020	1024
1028	1032	2446
963	967	971
975	979	983	2397
914	918
308	311	315
319	323	327	1741
1668	185	189
193	197	201
205	209	213	1627
144	148
924	927	931
935	939	943	947
951	955	959
963	967	971
975	979	983	987
991	995
154	157	164
242	246	250	254
258	262	266
270	274	281
359	363	367	371
378	456
1078	1081	1088
1166	1170	1174	1178
1185	1263	1267
1271	1275	1279
1283	1287	1294	1372
1376	1380
385	388	395
473	477	481	485
489	493	500
578	582	586
590	594	601	679
683	687
1001	2414	2341
858	862	2276	2203
720	2134	2061
1988	505	1919
436	1850	1777	294
1708	1634
462	465	469
473	477	481	1895
412	416	420
424	428	1842
359	363	367	371
1785	302
79	160	241
319	326	407	488
569	650	731
812	893	974
1055	1136	1217	1295
1301	1379	1460
693	696	703
781	785	789	796
874	878	885
963	967	974
1052	1056	1063	1141
1148	1226
156	237	318
396	403	484	565
643	650	731
812	893	974
1055	1136	1217	1295
1301	1379	1460
1078	1081	2495
1012	2426	2353	870
874	878	2292
2219	736	2150
667	671	2085	602
2016	533
79	160	241
319	326	407	488
569	650	731
812	893	974
1055	1136	1217	1295
1301	1379	1460
1232	1235	1239
1243	1247	1251	1258
1336	1340	1344
1348	1352	1356
1360	1364	1371	1449
1453	1457
385	391	472
550	554	558	565
643	647	654
732	736	743
821	825	832	910
917	995
1386	2799	2726
1243	1247	1251	2665
2592	1109	2523
2450	967	2381
898	902	2316	833
2247	2173
385	388	395
473	477	481	488
569	647	651
655	659	666
744	751	832	910
917	995
308	311	315
319	323	327	334
412	416	420
424	428	432
436	440	447	525
529	533
1309	1312	1316
1320	1324	1328	1332
1336	1340	1344
1348	1352	1356
1360	1364	1368	1372
1379	1457
1232	2645	2572
1089	1093	2507	2434
951	2365	2292
2219	736	2150
667	671	2085	2012
1936	1862	1788
77	83	164
242	249	330	411
489	496	577
658	739	820
898	905	986	1064
1071	1152	1231
308	314	395
473	480	561	642
723	801	808
889	970	1051
1129	1136	1217	1295
1302	1383
1463	2876	2803
1320	1324	1328	2742
2669	1186	2600
2527	1044	2458
975	2389	2316	833
2247	764
539	545	626
704	708	715	796
874	881	962
1043	1121	1128
1206	1213	1294	1372
1379	1460
693	699	780
858	862	866	873
954	1032	1039
1120	1198	1205
1283	1287	1294	1372
1379	1460
0	6	87
165	169	173	180
258	265	346
427	505	512
590	594	601	679
686	767
2795	2722	2649
1166	2580	2507	2434
2361	2288	2215
2142	2069	1996
513	1927	1854	1781
1705	1631	1557
308	311	1725
242	246	250	254
258	262	266
270	274	278
282	286	290	294
298	302
1386	1389	2803
1320	1324	1328	2742
2669	1186	2600
1117	1121	2535
1052	2466	2393	910
2324	841
77	80	87
165	169	176	257
335	342	423
504	582	589
667	674	755	833
840	921
1078	1081	2495
1012	1016	1020	2434
951	955	959
963	967	2381
898	902	2316	833
2247	764
0	3	7
11	15	19	23
27	31	35
39	43	50
128	132	136	140
144	148
154	160	241
319	323	330	411
489	496	577
658	736	743
821	828	909	987
993	1071	1152
2718	2645	1162
1166	2580	2507	2434
2361	2288	2215
2142	2069	1996
513	517	1931	1858
1785	1709	1634
0	3	10
88	92	99	180
258	262	269
347	351	358
436	440	447	528
609	687
847	850	2264
781	785	789	2203
720	724	2138
655	659	2073
590	594	598	2012
1939	456
1463	1464	2880
1397	1401	1405	2819
2746	1263	2677
1194	1198	2612
1129	1133	2547	1064
2478	995
77	83	164
242	246	253	334
415	493	497
504	582	589
667	674	755	833
840	921
231	234	238
242	246	250	254
258	262	266
270	274	278
282	286	290	294
298	302
693	696	700
704	708	712	716
720	724	731
809	813	817
821	825	829	833
840	918
693	696	700
704	708	712	719
797	801	808
886	890	894
898	902	906	913
991	995
2872	2799	2726
1243	1247	2661	2588
2515	1032	2446
2373	890	2304
821	2235	2162	679
2093	2019
616	619	2033
550	554	558	1972
489	493	497
501	505	1919
436	440	444	1858
375	379
1001	1004	2418
935	939	943	947
951	955	959
963	967	2381
898	902	906	910
2324	841
1001	2414	2341
858	862	866	2280
2207	724	2138
2065	582	1996
513	517	1931	1858
1785	302
2718	2645	1162
1166	2580	2507	2434
951	2365	2292
2219	736	2150
667	671	2085	2012
1939	1865
1463	1464	1465
1466	1467	1468	1469
1470	1471	1472
1473	1474	1475
1476	1477	1478	1479
1480	1481
0	6	87
165	169	176	257
335	342	423
504	582	589
667	674	755	833
839	917	998
1078	1081	1085
1089	1093	1097	1101
1105	1109	1113
1117	1121	1125
1129	1133	1137	1141
1145	1149
2564	2491	2418
935	939	2353	2280
2207	2134	2061
1988	1915	1842
359	1773	1700	217
1631	1557
539	542	1956
473	477	481	1895
412	416	1830
347	351	355
359	363	367	1781
1708	225
231	234	241
319	323	327	331
335	339	346
424	428	435
513	517	521	528
609	687
693	696	2110
627	631	2045	1972
1899	416	1830
347	351	1765
282	286	1700	1627
1554	71
847	850	2264
781	785	789	793
797	801	2215
732	736	740
744	748	752	756
2170	687
308	311	315
319	323	327	331
335	339	343
347	351	355
359	363	367	371
375	379
385	391	472
550	554	558	565
643	647	654
732	736	743
821	825	832	910
917	995
616	619	626
704	708	712	716
720	724	728
732	736	743
821	825	829	833
837	841
0	3	7
11	15	19	26
104	108	112
116	120	124
128	132	136	143
221	225
924	927	931
935	939	943	947
951	955	2369
886	890	894
898	902	906	910
914	918
1232	1235	1239
1243	1247	1251	1258
1336	1340	1344
1348	1352	1359
1437	1441	1445	1449
1456	1481
2	83	164
242	246	253	334
415	493	500
581	662	743
821	828	909	987
994	1075
154	157	164
242	246	253	334
415	493	497
504	582	589
667	674	755	833
840	918
693	699	780
858	862	866	873
951	955	962
1043	1121	1128
1206	1210	1217	1295
1302	1380
308	311	315
319	323	327	1741
1668	185	189
193	197	1611
128	132	1546	63
67	71
154	157	161
165	169	173	177
181	185	189
193	197	201
205	209	213	217
221	225
77	83	164
242	246	250	257
335	339	346
424	428	435
513	520	601	679
686	764
2	83	164
242	249	330	411
492	573	654
735	816	897
975	982	1063	1144
1225	1306
770	773	777
781	785	789	796
874	878	882
886	890	897
975	979	983	987
994	1072
1001	1004	2418
935	939	2353	2280
797	801	2215
732	736	2150
667	671	2085	602
2016	533
1386	2799	2726
1243	1247	2661	2588
1105	1109	2523
2450	967	2381
898	2312	2239	756
2170	2096
693	696	703
781	785	789	796
874	878	885
963	967	974
1052	1056	1063	1141
1148	1226
308	311	318
396	400	404	411
489	496	577
655	659	666
744	748	755	833
840	918
462	465	469
473	477	481	485
489	493	497
501	505	1919
436	440	444	448
452	456
385	388	392
396	400	404	408
412	416	420
424	428	432
436	440	444	448
452	456
1078	2491	2418
935	939	2353	2280
2207	2134	2061
1988	505	1919
436	1850	1777	294
1705	1631	1557
1309	1312	2726
1243	1247	2661	2588
1105	1109	2523
2450	967	2381
898	2312	2239	756
2170	687
1463	1464	2880
1397	1401	1405	1409
1413	1417	1421
1425	1429	2843
1360	1364	1368	1372
1376	1380
1078	2491	2418
935	2349	2276	2203
720	2134	2061
1988	505	1919
436	1850	1777	294
1705	1631	1557
1155	1158	1162
1166	1170	1174	1178
1182	1186	1190
1194	1198	1202
1206	1210	1214	1218
1222	1226
1463	1464	2880
1397	1401	2815	2742
2669	1186	1190
1194	1198	2612
1129	2543	2470	987
2401	918
77	80	84
88	92	96	100
104	108	115
193	197	201
205	209	213	217
224	302
231	237	318
396	400	407	488
569	647	651
658	736	743
821	828	909	987
994	1075
770	2183	2110
627	631	635	2049
566	570	1984
501	505	1919
436	440	444	1858
1785	1711
693	2106	2033
550	554	558	1972
1899	416	1830
347	351	1765
282	286	1700	217
1631	1557
462	465	469
473	477	481	488
569	647	651
655	659	663
667	671	675	682
763	841
539	542	549
627	631	635	642
720	724	731
809	813	820
898	905	986	1064
1071	1149
308	311	315
319	323	327	334
415	493	497
501	505	512
590	594	601	679
686	764
154	157	161
165	169	173	1587
104	108	112
116	120	124
128	132	1546	63
67	71
77	80	84
88	92	96	100
1514	31	35
39	43	47
51	55	59	63
67	71
1309	1312	2726
1243	1247	1251	2665
1182	1186	2600
1117	1121	2535
1052	1056	2470	987
2401	918
0	3	7
11	15	19	26
104	108	112
116	120	127
205	209	216	294
301	379
77	80	84
88	92	96	100
104	108	115
193	197	201
205	209	213	217
224	302
385	388	395
473	477	481	488
569	647	654
732	736	743
821	828	909	987
994	1072
1386	1389	1393
1397	1401	1405	2819
1336	1340	2754
1271	1275	2689
1206	1210	1214	1218
2632	1149
1386	1389	1393
1397	1401	1405	1409
1413	1417	1421
1425	1429	1433
1437	1441	1445	1449
1453	1457
847	850	857
935	939	943	950
1028	1032	1039
1117	1121	1128
1206	1210	1217	1295
1302	1380
231	234	238
242	246	250	254
258	262	266
270	274	278
282	286	290	294
298	302
693	696	700
704	708	712	716
720	724	728
732	736	740
744	748	752	756
760	764
1078	1081	2495
1012	1016	1020	2434
951	955	2369
886	890	2304
821	825	829	833
2247	764
1232	2645	2572
1089	2503	2430	2357
2284	2211	2138
2065	1992	1919
436	1850	1777	1704
1631	1557
1155	1158	1162
1166	1170	1174	1181
1259	1263	1267
1271	1275	1282
1360	1364	1368	1372
1379	1457
308	311	1725
242	246	250	1664
181	185	189
193	197	1611
128	132	1546	63
67	71
77	83	164
242	246	253	334
415	493	497
504	582	589
667	674	755	833
840	918
693	699	780
858	862	866	873
951	955	962
1040	1044	1051
1129	1136	1217	1295
1302	1380
154	157	164
242	246	250	257
335	339	343
347	351	358
436	440	447	525
532	610
0	3	10
88	92	96	103
184	262	266
270	274	281
359	363	367	374
455	533
924	2337	2264
781	2195	2122	639
2053	570	1984
1911	428	1842
359	1773	1700	217
1631	1557
154	157	161
165	169	173	177
181	185	189
193	197	201
205	209	213	217
221	225
1232	1235	1239
1243	1247	1251	2665
1182	1186	2600
1117	1121	2535
1052	1056	2470	987
991	995
79	160	241
319	323	330	411
492	573	654
735	816	897
975	982	1063	1144
1224	1302	1383
1078	2491	2418
935	939	943	2357
2284	801	2215
2142	659	2073
590	2004	1931	448
1862	379
308	311	315
319	323	327	334
412	416	420
424	428	432
436	440	444	448
452	456
308	314	395
473	480	561	642
723	801	808
889	967	974
1052	1059	1140	1218
1225	1306
2718	2645	1162
1166	1170	2584	2511
2438	955	2369
2296	813	2227
744	748	752	2166
2093	2019
231	234	238
242	246	250	254
258	262	266
270	274	278
282	286	290	294
298	302
0	3	10
88	92	96	103
184	262	266
270	274	278
282	286	290	297
378	456
1232	1235	1239
1243	1247	1251	1255
2669	1186	1190
1194	1198	1202
1206	1210	1214	1218
2632	1149
1232	1235	2649
1166	1170	1174	1178
1182	1186	2600
1117	1121	1125
1129	1133	2547	1064
1068	1072
0	3	7
11	15	19	23
30	108	112
116	120	124
128	132	136	140
147	225
385	388	1802
319	323	327	1741
1668	185	189
193	197	1611
128	132	1546	63
67	71
847	850	857
935	939	943	947
951	955	962
1040	1044	1048
1052	1056	1063	1141
1148	1226
2795	2722	2649
1166	1170	2584	2511
2438	955	2369
2296	2223	2150
667	671	2085	2012
1939	1865
539	542	549
627	631	638	719
797	801	808
889	967	974
1052	1056	1063	1141
1148	1229
2564	2491	2418
935	939	2353	2280
2207	2134	2061
1988	1915	1842
359	1773	1700	217
1631	1557
693	2106	2033
550	554	558	1972
1899	416	420
424	428	1842
359	363	367	1781
1708	225
616	619	623
627	631	635	642
720	724	731
809	813	820
898	902	906	910
917	995
310	391	472
550	554	561	642
723	801	808
889	970	1051
1129	1136	1217	1295
1302	1383
77	80	84
88	92	96	100
104	108	112
116	120	1534
51	55	59	63
67	71
385	388	395
473	477	481	488
569	647	654
732	736	743
821	825	832	910
917	998
0	6	87
165	169	176	257
335	339	346
427	505	512
590	594	601	682
763	841
693	696	700
704	708	712	716
720	724	728
732	736	740
744	748	752	756
760	764
231	237	318
396	400	404	411
489	496	577
658	736	743
821	825	832	910
917	998
1001	1004	2418
935	939	2353	2280
797	801	2215
732	736	2150
667	671	2085	602
2016	533
231	234	238
242	246	250	254
258	262	266
270	274	1688
205	209	213	217
221	225
1001	2414	2341
858	862	2276	2203
720	2134	2061
1988	505	1919
436	1850	1777	294
1708	1634
770	773	777
781	785	789	793
797	801	805
809	813	817
821	825	832	910
914	918
385	391	472
550	554	561	642
720	724	731
812	890	897
975	982	1063	1141
1148	1226
0	3	7
11	15	19	23
27	31	35
39	43	47
51	55	59	63
67	71
385	391	472
550	554	561	642
720	724	731
812	890	897
975	982	1063	1141
1148	1229
2	83	164
242	249	330	411
492	573	654
735	816	897
975	982	1063	1144
1225	1306
154	157	161
165	169	173	180
258	262	269
347	351	358
436	440	447	525
532	610
693	696	700
704	708	712	719
797	801	805
809	813	820
898	902	906	910
917	995
77	83	164
242	246	253	334
415	493	500
578	582	589
667	674	755	833
840	921
154	160	241
319	323	327	334
415	493	500
581	659	666
744	751	832	910
917	995
308	311	315
319	323	327	1741
1668	185	189
193	197	201
205	209	213	1627
144	148
0	3	7
11	15	19	26
104	108	115
193	197	204
282	286	290	297
378	459
154	157	164
242	246	253	334
415	493	497
501	505	512
590	594	601	682
763	841
462	465	472
550	554	558	565
643	647	654
732	736	743
821	825	832	910
917	995
462	465	469
473	477	481	1895
412	416	420
424	428	432
436	440	444	1858
375	379
924	927	931
935	939	943	950
1028	1032	1036
1040	1044	1051
1129	1133	1137	1141
1148	1226
616	619	626
704	708	712	719
797	801	808
886	890	897
975	979	986	1064
1071	1149
231	237	318
396	400	404	411
489	496	577
658	736	743
821	828	909	987
994	1075
539	545	626
704	708	715	796
874	878	885
966	1044	1051
1129	1133	1140	1218
1225	1306
847	850	854
858	862	866	870
874	878	882
886	890	894
898	902	906	913
991	995
616	619	626
704	708	712	719
797	801	808
889	967	974
1052	1056	1063	1141
1148	1226
1078	1081	2495
1012	2426	2353	870
874	878	2292
2219	736	2150
667	671	2085	602
2016	1942
0	3	10
88	92	96	100
104	108	112
116	120	124
128	132	136	140
147	225
231	237	318
396	403	484	565
643	650	731
812	893	974
1052	1059	1140	1218
1225	1306
308	314	395
473	477	484	565
643	650	731
812	890	897
975	982	1063	1144
1225	1306
154	157	161
165	169	173	177
181	185	189
193	197	201
205	209	213	217
224	302
308	311	1725
242	246	250	254
1668	185	189
193	197	201
205	209	213	1627
144	148
2718	2645	1162
1166	1170	2584	2511
2438	955	2369
2296	813	2227
744	2158	2085	2012
1939	1865
385	388	392
396	400	404	1818
335	339	343
347	351	355
359	363	367	1781
298	302
924	927	934
1012	1016	1020	1024
1028	1032	1039
1117	1121	1125
1129	1133	1140	1218
1222	1226
154	160	241
319	323	327	334
415	493	500
578	582	589
667	671	675	682
763	844
231	234	1648
165	169	173	177
181	185	1599
116	120	124
128	132	1546	63
67	71
847	850	854
858	862	866	870
874	878	882
886	890	894
898	902	906	910
914	918
1078	1081	1088
1166	1170	1174	1181
1259	1263	1270
1348	1352	1356
1360	1364	1371	1449
1456	1481
1155	1158	2572
1089	1093	1097	2511
1028	1032	2446
963	967	2381
898	902	2316	833
2247	2173
1078	1081	2495
1012	2426	2353	870
874	878	2292
2219	736	2150
667	671	2085	602
2016	1942
