816	6
0	75	6.57777303838134	2.4239376478142276	355.7078140757952	59.731229333333346	10.581313333333332
1	52	4.337015341992187	180.26807375069671	179.38628607275598	59.10510576923077	10.33025
2	24	2.824977755639553	352.56637067288824	351.38159027744337	59.2439125	10.380079166666667
3	47	11.17320421939038	1.8199482683684778	357.0148954350696	58.94799787234043	10.091036170212766
4	67	6.27698574040195	353.87575023086214	2.2617636089116786	59.72240000000001	10.58135970149254
5	94	7.487772956040522	357.62381828166525	1.5855365661619203	59.76447659574468	10.574305319148936
6	41	6.900749150460062	358.7335519660889	2.517024272002061	59.78790243902439	10.574631707317073
7	72	6.8300164252646685	358.92220338819163	5.605487676130565	59.79928888888888	10.575022222222223
8	266	7.263784257241718	4.257162061996723	357.2142762287189	59.57463383458647	10.63869097744361
9	90	5.38951958075795	354.8923833136551	3.4001381922335554	59.53849	10.404881111111111
10	234	7.501920619408181	356.0238607811803	4.115922855284566	59.43523290598291	10.562437606837605
11	21	2.516173912947212	350.67649597471404	13.357293029991297	59.328471428571426	10.5149
12	83	6.293912092367691	352.34088917912425	9.083739176792847	59.03838554216866	10.03193012048193
13	114	4.2319552946423755	353.2330606499096	3.316366443656534	59.11636052631579	10.226150877192984
14	62	5.240867552019313	4.340537332836675	357.23016773062494	59.039022580645174	10.577940322580643
15	64	4.465646919879948	5.098357636810761	352.563859636838	59.590721875	10.4274953125
16	68	3.7772598479259947	355.4354088883187	4.956973472379957	59.61151029411764	10.412808823529412
17	62	5.895574449883267	354.27363991899534	3.4680842466389663	59.115916129032264	10.969603225806452
18	54	5.999864093886122	357.0559411735187	1.6633301808799956	59.09036666666667	10.972055555555555
19	57	5.659444648464617	353.8876979035266	7.098028902860847	59.06712631578947	10.965010526315789
20	28	5.332892792085404	356.2282607365364	7.454109961341487	59.071810714285725	10.969342857142857
21	117	2.7969008610703314	38.3011825739502	38.06989516223865	59.213794871794875	10.359162393162395
22	210	6.832165777642755	4.867306946625035	356.1464668704228	59.16041380952381	10.655523809523809
23	70	5.796344522097527	3.1748100334747846	354.8532938950408	59.125661428571426	10.972484285714287
24	82	5.719669297287868	5.782500849992402	357.2237440926155	59.08005121951219	10.972773170731706
25	45	6.280137662968051	1.1491966645745038	354.910579992301	59.099937777777775	10.97302
26	63	3.1031536624143166	70.07735647169648	70.41428425370339	59.166868253968254	10.386269841269842
27	28	5.29639964763093	208.19301881986857	213.10497022328016	59.25695357142856	10.521592857142858
28	23	5.244893251758367	203.85274868218386	198.1692945628887	59.236052173913045	10.501078260869566
29	35	3.4147495064310247	348.6362866782988	10.467721291834437	59.19782857142857	10.945459999999999
30	61	3.1013488922076706	301.003126334526	302.2298103647173	59.24650327868852	10.453698360655737
31	33	2.2034175240752205	37.92419345418318	51.81245189718891	59.26944545454546	10.384863636363635
32	73	3.0251647378811874	302.2837938325599	302.3971086102407	59.18591917808218	10.34775479452055
33	64	5.186234499245149	7.710215546208303	354.0939200580587	59.6256734375	10.4179578125
34	73	4.0926723468791355	232.98682126608688	249.42516693749167	59.15808904109589	10.458279452054795
35	36	2.7952137771234145	123.76360352495016	134.05717683253317	59.25574444444445	10.434077777777777
36	40	4.0434754646846525	183.25091162257397	190.56814706509996	59.20723	10.487665000000002
37	31	4.593083882958594	197.48903949735757	193.37228224647322	59.19246451612903	10.477941935483871
38	22	3.6296175753571718	294.4740175105451	301.182778226144	59.16327727272726	10.42715909090909
39	68	2.978017243977702	128.13703322667038	137.87147081509067	59.24008088235295	10.472761764705881
40	54	3.1716887549182466	133.33211335496173	123.25712118008232	59.246485185185186	10.44805925925926
41	20	6.225671312904204	177.88094336805943	177.64591469609138	58.83546000000001	10.586100000000002
42	41	3.907481447596828	41.04462699579244	40.91848603079552	58.81360000000001	10.456368292682924
43	30	2.9615193318479056	280.90388021587756	292.711015277125	59.16272666666668	10.375693333333334
44	106	4.986334610606444	354.19942420880176	6.808696631039993	59.07570660377358	10.572259433962264
45	36	6.708080434603225	118.53415587167183	130.28266664387047	59.110875	11.10655
46	31	7.2890516608797755	141.36766911438053	131.19478000003403	59.09451290322582	11.122409677419354
47	131	3.138881295983012	3.714559410126526	3.8733145542958027	59.12164198473283	10.22692824427481
48	22	2.7377142537470416	278.41838907013414	262.91546468985973	59.17255909090909	10.396804545454545
49	28	2.6252114290526514	211.46567012834046	200.8826177086868	59.16893928571428	10.387371428571429
50	89	5.776142882346075	4.380382670640472	357.14439912621543	59.03391573033708	10.970167415730337
51	31	4.892065132879179	37.96699983705872	36.71571634519728	58.7744870967742	10.39767741935484
52	22	7.061363415122886	325.3817305557301	325.3204707542661	58.74811818181817	10.046168181818182
53	33	3.5300188531605983	102.28076779932246	94.61102957984178	59.67322121212122	10.587036363636363
54	35	4.57603238046712	165.80395831897954	160.56514752420094	59.36432571428572	10.502251428571428
55	21	5.103684203432336	152.21810828605066	151.25760681867126	59.18160952380952	10.748519047619046
56	33	5.813676609469767	164.3709200066187	158.35209667689298	59.20802121212121	10.728469696969697
57	90	3.7405418209387573	76.83469255365588	72.0123251564633	59.13576111111111	10.916478888888888
58	83	4.606877085699475	113.06161367665499	110.30254381750547	59.14537710843374	10.813802409638553
59	115	6.781147507663585	211.89439063416287	211.7744285797762	58.79484521739129	10.383477391304352
60	135	5.665095363837447	15.870324788112782	9.401405090087906	59.07627925925925	10.971343703703704
61	84	5.873829473740373	10.490456988305368	19.99524725314444	59.069098809523794	10.965636904761904
62	42	4.272305625941261	9.835001330102557	7.11223368815979	59.476200000000006	10.676680952380952
63	43	3.2356065171130415	119.76279480790731	127.11452155474632	59.78213023255813	10.511076744186045
64	37	6.0387263470780255	203.36622166864763	203.37060502823007	58.89257567567567	10.527154054054053
65	98	3.730398384719132	20.856600234072346	30.297077492069263	59.20223469387756	10.9485
66	42	3.481351997388975	27.120185340707508	22.52707338798649	59.252297619047624	11.017088095238094
67	62	3.6604437824306872	37.376209229008396	30.183704650503444	59.22803225806452	10.985275806451613
68	58	3.732227384515536	38.88102766193441	31.441658571024277	59.24440344827586	11.008174137931034
69	86	3.754335304222972	32.05068953878549	36.983837491968416	59.237390697674414	10.996456976744186
70	64	2.537376128940001	81.6931631582645	76.91768118772438	59.2669171875	11.07229375
71	52	3.544279948230683	63.224850291697976	76.98488808556698	59.266305769230776	11.057709615384615
72	21	3.4774101148958816	64.48822047647059	57.91885533683137	59.26370952380952	11.048638095238095
73	41	3.7617732510268946	75.62237826245621	67.44050173916145	59.261995121951216	11.040358536585366
74	54	3.972926146960644	24.21011122523163	34.03459902043488	59.21697592592591	10.966792592592592
75	57	3.5660926157471047	32.331720639372804	24.83203777753465	59.21204385964912	10.96211754385965
76	31	3.648946598405614	58.83241956208667	73.14097730887079	59.26055483870967	11.026129032258062
77	43	3.9965210381217924	24.467546855469095	36.1123189450945	59.25888372093024	11.022425581395348
78	56	5.228321596966306	156.9431853537219	156.555724677507	59.29324642857143	10.686058928571429
79	22	5.372709425522682	161.61544101427	164.8167231002925	59.25702727272728	10.709236363636364
80	45	13.10753049872978	4.8664722048260955	4.943428063414785	58.74819555555556	10.072042222222223
81	38	5.670942788851025	333.72984278665996	333.8278937783864	58.75363157894736	9.971123421052631
82	30	6.798700371597049	218.27105201838478	218.08590893545747	58.78547333333333	10.295936666666668
83	32	3.276513906764384	26.15597009576942	23.700943310610228	59.444553125	10.660012499999999
84	38	5.832036792729587	232.09621792844712	231.93729660090912	58.891571052631576	10.152644736842104
85	24	2.850150682440718	179.49131830522003	168.6202131482935	59.43122083333333	10.478045833333335
86	53	5.473961709763005	141.382154401464	143.0352377987648	59.09891509433963	10.72726037735849
87	39	2.709877081937012	277.4465580087858	269.2567097569557	59.7873923076923	10.52025128205128
88	34	2.759203805117848	205.3056247290241	204.08069868612762	59.44327058823529	10.658811764705883
90	25	3.890227067661756	65.2984388498254	65.40739446591948	58.811156000000004	9.9974124
91	30	4.712291130245489	326.76468856768497	325.010386472273	59.05652333333333	10.771446666666666
92	34	6.63478731682956	216.14868438234856	217.1975658292999	58.85172058823529	10.390485294117648
93	49	5.780273941226893	355.72988146773497	355.02612102499455	59.08696326530612	10.973020408163265
94	61	5.793409145797916	349.09195641530874	354.95634980218495	59.11269672131147	10.969947540983606
95	85	6.0039933661499125	354.91679211914845	349.5810325757368	59.105142352941186	10.972321176470588
96	53	3.8524398834584357	345.44270917308677	346.7973223144188	59.19529056603774	10.946775471698112
97	68	5.558141831601431	345.9093727287319	343.67986563288	59.1557544117647	10.959194117647058
98	107	5.763438469244249	339.7439624281141	344.55682243112824	59.1439906542056	10.964505607476635
99	138	5.935406975244622	349.46972434565686	342.7785965454034	59.13520942028985	10.970003623188404
100	29	3.225085072002148	343.4242844181643	349.22228062907226	59.185731034482764	10.950468965517242
101	58	3.9235293703738745	356.2129828610109	352.7572648168919	59.173294827586204	10.954443103448273
102	46	4.657693281868505	349.4392578959677	355.5062074263469	59.16486739130435	10.955180434782609
103	37	4.906092076862551	344.35423843963315	351.29393559752987	59.162562162162146	10.955737837837837
104	56	4.876356341755027	86.62151827632101	82.13538148422538	58.990303571428576	10.144048214285716
105	48	3.354080212844045	348.5052610361103	343.9076545730454	59.18215833333333	10.952364583333335
106	57	3.5998613882123034	353.6713907275904	348.4633932324211	59.17861052631579	10.95353859649123
107	83	5.33220738702619	144.96247859929042	147.2927205227561	59.346454216867464	10.643019277108433
108	62	3.0329649180392844	277.5253201499298	287.2840321598094	59.84837741935483	10.720062903225806
109	135	5.968576526874025	355.91428349056235	352.989160033248	59.04936296296295	10.969462222222221
110	38	5.945100563624872	349.49305387506354	355.41662879675437	59.06510789473684	10.96515
111	70	5.613201571355258	230.30093366762517	229.8637197716132	58.80608000000001	10.173818571428571
112	29	4.542613667100113	82.35075884060268	83.5119112438963	58.91470344827586	10.190944827586206
113	56	5.216261397266147	245.16875671487065	247.97199458059197	58.9978875	10.193042857142856
114	20	13.256716489507813	3.1938417048107794	3.2201587810484398	58.846685	10.082279999999999
115	40	5.07707631825717	57.22569223577142	57.0615877163271	58.84869249999999	10.2668975
116	51	7.474915020479521	356.3945093567664	355.0860616340601	59.5871137254902	10.637905882352939
117	58	7.2646103191574065	356.72728070932106	354.9165588674302	59.57726724137931	10.63938103448276
118	22	6.322875617476586	351.10667623839646	349.6382051386753	59.62463636363636	10.631727272727272
119	53	7.961937436795439	40.441304904605715	40.81541717527193	58.82103584905661	10.077226415094339
120	78	7.337741905755242	356.15958564516427	358.0727521417179	59.760976923076925	10.574484615384616
121	59	7.412935983307752	351.5734333550203	349.2444835316682	59.61806101694916	10.63402033898305
122	169	7.310253945709798	354.50767996679303	350.67866854715567	59.609719526627224	10.63550473372781
123	31	6.914454361870716	355.9677249868613	352.1589627869351	59.603054838709674	10.636987096774194
124	62	6.3472109792353875	349.83039185140353	348.02599906035624	59.64032741935484	10.626817741935483
125	382	6.356042754816966	353.561766019563	347.6484761589245	59.729890314136135	10.58121282722513
126	35	6.138262642588277	348.4944998914941	348.8952086834203	59.65257999999999	10.622037142857144
127	51	6.160160884962505	349.0235810168926	348.5790095574508	59.64847647058823	10.623196078431373
128	26	5.95912595947484	229.8016069840357	228.81918416792968	58.76515000000001	10.12555
129	23	7.1364439473363275	355.95818318571366	357.75136721371155	59.752839130434765	10.574991304347826
130	408	6.6343158593982485	348.9665770192522	354.01826047853353	59.74257990196079	10.576137990196079
131	20	6.477823278973938	354.5700305798059	357.75240432261046	59.75044499999999	10.574935
132	34	6.112045419008103	348.2964189805756	348.7845879055615	59.65739411764706	10.620182352941177
133	107	5.346168502930931	56.48279471481055	56.695264554934795	58.85931401869159	10.197186915887848
134	57	5.247228282182811	57.25792090869578	57.57023680451613	58.82272982456141	10.17833157894737
135	50	5.53050870601689	348.4185993018078	349.6147251554475	59.66311399999999	10.618278
136	56	5.0613483047768835	8.500886088123707	9.61235257280947	59.118012500000006	10.972530357142858
137	47	5.5333510554913	349.1946780237355	346.9125404703686	59.6701659574468	10.616061702127661
138	37	5.929779330575035	349.7054680150772	347.02685067700844	59.66746216216215	10.616986486486486
139	41	4.4991076988354965	54.86512113464488	56.114315060739386	58.77328292682927	10.021598536585365
140	39	5.181295447822036	56.32758459048944	55.28112918199838	58.794212820512826	10.086938461538463
141	34	7.23906484812344	347.2397917678882	342.93393309924994	59.70561764705882	10.594729411764705
142	23	6.044185361276505	342.90038409531167	346.7939899672193	59.6927391304348	10.59985652173913
143	61	6.665728739017909	344.2750089362204	335.5385900838518	59.70811967213114	10.593281967213112
144	68	6.798852405449488	335.7054115394026	328.7443282885688	59.710644117647064	10.591208823529414
145	96	5.997236914132581	328.9617230402892	335.96136306120303	59.68647604166667	10.604240625000001
146	71	6.05859174961293	335.8095701303995	343.5255640360608	59.6889971830986	10.602076056338031
147	80	6.221963753901504	329.4990134694924	337.8385188114826	59.7165725	10.58442875
148	46	6.071259051613554	340.71887411658645	350.34587345130274	59.71932826086956	10.582552173913044
149	131	8.77724659407714	184.91320788011814	184.75720574017865	58.746528244274806	10.031577938931298
150	34	5.785440142739375	347.9629308006985	342.5221287227602	59.67633235294118	10.61360588235294
151	86	5.931730536868538	340.79409939907646	332.43059101966924	59.67959302325581	10.611659302325581
152	26	5.724984854540231	346.4572593198863	338.41928065494	59.677823076923076	10.613134615384613
153	31	10.404054765285908	196.51934711313584	196.2756412459691	58.78655161290322	10.049783870967744
154	77	5.7794192645295865	230.02782309942953	230.41357263462697	58.77420129870131	10.09007922077922
155	41	2.2445677028481574	6.111692642940568	5.852865221755053	59.60643170731707	10.430573170731707
156	56	5.333464875019721	14.440184262944456	14.47614080929037	59.576476785714284	10.41965357142857
157	39	4.171287371048148	12.988135630183308	7.134687226012886	59.594976923076935	10.427689743589745
158	91	4.659268264573424	14.09757037139741	8.408435486121732	59.58724725274725	10.42602967032967
159	21	7.354147184712921	170.5121643743338	170.28508114200645	58.911080952380956	10.739228571428573
160	185	5.387695713317723	8.142023999953949	12.376017641539931	59.557816756756765	10.40973783783784
161	23	5.35809429484425	3.9306320471879985	6.340867714150988	59.54544782608695	10.406152173913043
162	44	5.4075110589521564	76.04334627143237	75.69558144136465	58.94242500000001	10.329738636363636
163	32	5.750269800414831	234.07987235256195	233.33645159874402	58.81572812500001	10.05445625
164	23	4.9172861340153124	235.05939449165373	235.50524613224673	58.80131304347826	10.013903478260868
165	182	5.847242964517238	234.6955371697436	234.39242678828063	58.87500879120879	10.226957692307693
166	64	5.008054033985031	237.1102455309478	236.75661359928108	58.8359390625	10.1109734375
167	107	4.128395571026939	9.211810018697008	18.069301832683664	59.61766168224299	10.412594392523369
168	59	4.919838586128682	18.91832379759478	9.301414285944816	59.62378983050848	10.41706440677966
169	40	4.980641981118943	52.366924067207265	53.970664138556	58.8917775	10.2879925
170	71	3.4156925852274336	294.1603556931596	290.678153215381	59.32535774647888	10.52870281690141
172	21	6.142298789263021	347.69726448430816	347.6513922489913	58.914442857142866	10.647438095238096
173	33	4.780716330018333	344.48461222690435	343.2237019990634	58.971275757575754	10.632009090909092
174	43	5.87285813055821	344.09595593771303	342.6047384520234	59.64894186046512	10.407851162790697
175	111	5.6499850059774674	350.3055375023867	345.2095332550641	59.63136126126125	10.416418918918918
176	230	3.542290957428349	290.5283763676024	285.174527386023	59.730364782608696	10.255685652173915
177	27	12.552559320233922	6.465487508503827	5.37750369547382	58.91346296296297	10.089003703703705
178	145	6.1548500246257625	306.64483766762646	308.3836420190676	59.71070689655171	10.311207586206896
179	21	5.531965833737975	78.07541823937231	77.71270221706158	58.92593333333333	10.139000000000001
180	81	5.966842261465473	334.1567503508709	327.383606301038	59.67527037037037	10.390177777777778
181	35	6.268968172689772	316.07115521679816	311.271705116894	59.685405714285714	10.376545714285715
182	21	6.520991397851457	323.48385107743775	316.3701185006578	59.681314285714265	10.3836
183	109	4.55190634239255	344.3500870760256	336.9149407397547	59.593645871559644	10.425660550458716
184	39	4.4391815947171	334.90221923146555	332.94835131845804	59.59996666666666	10.420207692307692
185	35	3.66738910128294	332.8929184064886	340.2721553580172	59.60781428571429	10.412662857142855
186	39	3.88567104734259	341.6460984092234	354.03881446686046	59.60990512820512	10.411428205128207
187	60	5.153651474123999	76.53250547228822	77.12138657440175	58.90113833333333	9.992670166666667
188	31	7.260469737425965	354.3156437436456	354.48372905983985	58.92807419354838	10.685751612903227
189	57	7.752034343315767	350.21498751119105	350.21498751119105	58.909373684210536	10.732389473684211
190	68	6.95709918935881	353.01585821536713	352.9685202028644	58.901026470588235	10.685910294117647
191	61	7.512648110434329	354.62234255943866	355.00029340550986	58.968845901639334	10.68244426229508
192	50	7.958159490475248	350.72124341666614	351.091056087225	58.9432	10.717760000000004
193	35	5.879850268539793	230.76546370103011	233.40933568132738	58.83981428571429	10.260217142857142
194	57	12.72621661198051	185.82308458516962	186.09431956976377	58.872378947368425	10.07077543859649
195	22	5.452293085041067	348.5647925959971	348.58821959022004	59.054118181818176	10.579818181818181
196	29	4.194509228495717	347.3017215191687	350.1793551748319	59.06773793103449	10.576579310344826
197	39	12.751929470757517	183.7052174153533	184.1906104842971	58.9136076923077	10.076707692307693
198	41	4.94552877582032	62.93019662708906	63.38674110911916	58.91386097560976	10.348956097560976
199	21	7.355684484973899	180.31312278212695	180.84348630282565	58.92976666666667	10.633314285714285
201	83	4.052071021172729	142.62047607136367	134.78184192575168	59.481439759036135	10.390781927710844
202	68	3.6486435400385027	303.6391232500003	310.11673465641076	59.47775588235294	10.39831911764706
203	30	8.156370607483247	174.24003250840997	174.10501870260896	59.068160000000006	10.647236666666666
204	98	7.535628162404347	353.93195917563884	353.46697884202854	59.02078775510205	10.680967346938775
205	99	7.696570289663991	171.9404109818222	171.99378782440886	58.89854848484848	10.67049393939394
206	20	5.018640225055913	90.55605168473136	89.20685485839061	59.490805	10.350005
207	122	4.788822635747771	268.99696772678146	268.80924498551326	59.49136885245902	10.349159016393443
208	269	4.022015490943235	268.24549915122964	261.11872766926734	59.49138624535316	10.332523791821561
209	128	4.547823756016592	268.02596894868094	269.47994715047395	59.49131953125	10.373009375
210	38	4.737475897776754	269.38090988880884	269.1767600017201	59.49135789473684	10.364642105263156
211	37	4.803706224735913	89.28090422840273	89.99136006660035	59.49125135135135	10.333770270270271
212	56	4.441443354441233	83.33577749056474	89.72701291233119	59.4913125	10.328894642857142
213	47	5.472706113217996	231.90740114404178	231.15891610430566	58.870263829787234	10.344593617021275
214	51	4.808305822774765	88.30298942528128	86.10061969313693	59.490923529411766	10.371498039215686
215	42	5.028622811017304	89.9457853302277	87.10417257437558	59.49083095238095	10.36597380952381
216	22	7.0303344753659305	232.1232820822678	232.84389776795385	58.92035000000001	10.386331818181818
217	31	8.534397347275966	174.5669629497304	174.9367515284373	59.09919354838709	10.646941935483872
218	52	5.919356568866637	50.05818096174352	51.44658463037263	58.985007692307704	10.637753846153847
219	33	5.3533535347391705	238.23153524822703	236.89892430789467	58.9266	10.353648484848485
220	71	6.214493112239232	37.41015440417959	37.29208039566936	58.77778169014084	10.223036619718311
221	125	5.196540248208143	80.62570738536516	80.0117523321054	58.9270928	9.97800792
222	29	7.383417319930755	167.04439910894496	166.95811661619382	58.96962413793102	10.631344827586208
223	23	5.758223826710453	50.71267035998159	41.78127800349802	58.94315217391305	10.072656521739132
224	22	5.156142663431374	78.95879458208685	79.34102499990018	58.93493636363637	10.045645454545452
225	54	7.106197484480635	37.45980907271189	37.74477288793861	58.79091481481482	10.279418518518519
226	23	5.577242534842217	227.73785388124583	228.61818022709633	58.99617391304348	10.40084347826087
227	32	5.8662807796029295	233.80710287253078	233.76471138949222	58.888893749999994	10.370665625
228	34	5.932442247234357	69.9383122929471	69.53874739957598	58.95005	10.420779411764707
229	51	6.919078632491766	256.79781485376816	256.49816168572147	58.92364117647059	10.14006274509804
230	34	7.142427992008614	257.4989157677761	255.0837587514744	58.929079411764704	10.202526470588236
231	39	7.884639699772055	252.97962054752202	253.11708568146457	58.93435641025642	10.24616153846154
232	41	7.2701243465139544	170.73769750724819	170.56897298827027	58.92209999999999	10.662478048780487
233	64	6.470881058859524	209.76779503613477	205.74829342888728	59.06674375	10.495434375000002
234	127	7.130643738896843	246.6355475272062	246.97197797547008	58.9516220472441	10.432728346456692
235	27	7.31377178131878	257.8681045992649	259.0520817573288	58.90849629629629	10.004767407407407
236	26	7.071492567394694	255.04319158656892	255.1484853857927	58.91447692307692	10.054153846153845
237	59	6.3353011082635176	261.8490960360598	262.85775281900345	58.92416949152542	9.958494067796611
238	26	6.370378109231851	255.4555846992086	256.26279860340907	58.9333	10.026311538461538
239	30	6.098176053776166	258.44775703874996	258.7532870247534	58.92816666666667	9.999086666666667
240	27	7.408279999561877	352.2530375033507	352.4928008627535	59.06523703703704	10.678037037037038
241	72	7.18923914101593	37.591012145839784	38.04253243830311	58.851755555555556	10.371093055555555
242	20	9.301157804310378	150.29151187141906	150.19403240593914	59.021164999999996	10.04829
243	28	8.097895974161421	175.74128005827276	176.2458439024573	59.02872857142858	10.654535714285714
244	26	12.468579367081835	178.33206724612876	182.36212462576654	58.950419230769235	10.080857692307692
245	20	12.511109777225386	175.16396310235552	178.9225357912128	58.95840999999999	10.08037
246	184	2.4816918773012677	203.95247199266143	31.20768518101397	59.87265706521739	10.659025543478261
247	81	11.766975308683122	158.87570120131306	164.4322282363039	58.99686172839506	10.071629629629628
248	25	11.494565548969208	151.47724629513255	156.11499010578734	59.002888000000006	10.067143999999999
249	20	4.237324740876916	86.1736558866449	109.95129613926582	59.04294000000001	10.038535000000001
250	198	6.225332181467949	32.79255258183002	51.092166793308024	59.041651515151514	10.033325757575756
251	31	7.321887648751357	37.088612139666736	37.19982606307519	58.8178806451613	10.322429032258064
252	66	6.013750565167788	169.69685033021324	157.6423796294887	59.03415454545454	10.034978787878789
253	62	4.761952599566861	211.22362854166985	195.1432412896271	59.03783548387098	10.035180645161288
254	27	6.186736060381328	38.520972559054314	37.21761514823925	58.817107407407406	10.275381481481482
255	25	7.573284434113487	174.479081787347	174.51349022234035	58.950816	10.660248
256	23	5.40989770213702	73.81826403129224	75.04423057051093	58.966965217391305	10.363647826086957
257	33	8.200016763138652	176.2494991506536	175.77394451168948	59.008721212121216	10.655375757575758
258	27	6.327553082158115	75.08492199357255	74.67213635021545	58.961892592592584	10.313388888888888
259	34	6.124217362647347	76.32053329313396	75.73759792430536	58.957344117647054	10.280420588235295
260	24	6.61532511868871	77.20619843922458	77.36347996811901	58.95003750000001	10.212016666666665
261	61	5.795886042387401	77.56754036326993	77.4768760859344	58.94503934426229	10.156059016393442
262	24	5.195472404279421	50.674160515668916	49.51433565637592	58.933708333333335	10.533283333333332
263	66	4.011475223661045	175.72160962949806	179.55521582045048	59.484803030303034	10.678634848484847
264	90	5.399540573161209	95.7799041707089	106.07287869340092	59.517925555555564	10.641016666666667
265	62	5.015686897135543	146.60801331129392	155.9775039601269	59.50473064516129	10.672372580645161
266	91	4.5645639509180835	67.46820873777835	79.2295359819542	59.54762197802198	10.597346153846154
267	117	5.585642207688381	289.6644022202098	280.32449330855184	59.518240170940174	10.643426495726496
268	80	5.585822952444579	333.6873733840184	325.4399880848927	59.505545000000005	10.671715
269	60	5.7513929857616155	36.60435686411324	35.90567086576783	58.846214999999994	10.319514999999999
270	43	6.523537705016285	39.59585942397797	39.40334018533707	58.87341395348837	10.400409302325581
271	139	6.196908322891014	43.3101729280628	43.47224776981653	58.89068201438849	10.4019
272	24	5.999944743223217	39.3019101960104	38.70311848828027	58.86877916666666	10.353545833333333
273	31	6.230488766342664	251.32188052035656	251.95352119385723	58.96958064516129	10.36315806451613
274	24	5.853975074237025	258.98747908259986	261.05400615468386	58.946475	10.155504166666667
275	70	5.443680616886372	256.7618857381496	257.2784581369041	58.952085714285694	10.215531428571428
276	36	6.258022888777318	251.7373594255372	251.90613647071618	58.964005555555545	10.326433333333334
277	58	5.717588689209974	253.60345806662855	254.01126491764316	58.959174137931036	10.280858620689655
278	25	4.9556820704340385	232.58762449870204	230.63398666231686	58.970927999999994	10.609648
279	45	6.999979458656492	8.909593920068062	9.689532664355113	59.46385555555555	10.572002222222222
280	49	7.821990401143676	9.32777306824238	9.683032505946471	59.479844897959175	10.577830612244899
281	24	7.151776355017859	9.393998992423576	9.470734438052261	59.471624999999996	10.575004166666668
282	262	7.371793627592653	333.7231834679631	341.2790449868886	59.034126335877865	10.034708015267176
283	60	12.896639560287424	350.5601170654959	346.91322068749975	58.967608333333345	10.088713333333335
284	24	8.416531154200875	330.8580539706448	330.1924531893778	59.01904583333333	10.051633333333333
285	66	5.496408389735045	224.2124098652135	225.66712074545688	58.95809848484848	10.570907575757575
286	57	6.398390592485382	41.2363239825529	40.64659898199034	58.91895438596491	10.438928070175438
287	33	7.2071800374014305	39.58980567523389	40.07038232330905	58.91430606060605	10.47019090909091
288	40	6.4864129142334495	223.63345110536676	223.70683961255838	58.92449750000001	10.4823725
289	40	6.6013608827181995	225.8283061004506	225.9523877987926	58.938142500000005	10.5122775
290	51	6.613810043661647	71.11936989841115	71.24613280052176	58.98215882352941	10.440252941176471
291	23	6.494263123890268	203.4541866141813	208.7789055062133	58.96967826086957	10.532226086956522
292	20	6.343932432889206	213.38275335328845	218.13127767926625	58.9585	10.533734999999998
293	21	12.745562939937681	344.5247847155598	340.9725221412506	58.991104761904765	10.077042857142859
294	35	8.261930827898496	6.708379010870942	9.107146410357359	59.444225714285714	10.564760000000001
295	106	7.961302965629118	4.288235838128969	8.45206182496338	59.438543396226414	10.563485849056605
296	34	13.189691102504398	339.8999240097745	334.97030372265004	58.997041176470596	10.073135294117648
297	31	12.584293468112183	336.2591517662873	331.9219423976605	59.00008064516129	10.070635483870968
298	28	7.608207977413646	23.268529221742142	22.836554117671426	59.543510714285716	10.6176
299	26	7.246847105126324	24.644530200723636	22.505142634818355	59.548196153846156	10.621857692307694
300	712	7.4522827819958035	17.08853702010316	11.356225803807149	59.565013623595505	10.635457443820226
301	27	7.157063735290323	196.29164328150966	201.34941857653922	58.97794814814815	10.553485185185185
302	33	6.585443406566886	41.813285101405654	41.007338324948705	58.94103939393939	10.500727272727273
303	87	5.118596639898717	84.19465920916684	75.59649024248841	58.97981609195402	11.056962068965518
304	34	7.2873328501620875	354.19829177296623	353.7779855430166	59.093647058823535	10.668467647058822
305	21	8.493617281449737	18.790888337079934	22.6508682521781	59.517433333333344	10.59485238095238
306	29	8.517683339230635	13.488144219937737	19.864657014148634	59.514496551724136	10.59268620689655
307	42	6.306486957704301	68.29508168299003	68.31345668759292	58.990188095238096	10.487169047619046
308	49	6.133794984251259	243.94344796396786	243.87620098952453	58.982667346938776	10.449197959183673
309	45	5.425018223673974	40.218814545400846	36.52708497329297	58.965979999999995	10.51716888888889
310	27	6.1446692931281754	24.994464735483916	20.414136468308243	58.97071851851852	10.544814814814814
311	32	7.227617986190794	234.4609201128246	234.46094503566843	59.401028124999996	10.609528125
312	50	7.007895490988995	24.822906176314177	24.218714321485038	59.118274	10.619806
313	568	7.226365054893411	18.22808145152578	12.777120653335487	59.151884154929576	10.650327112676056
314	22	5.090528238091934	19.44257350387005	26.232900851571173	59.080390909090916	10.577777272727273
315	52	4.659894764984627	13.336401775139166	21.297144552064594	59.07395192307693	10.574976923076926
316	147	6.087194069584892	24.393920886649084	20.070101118943683	59.019700680272116	10.569327210884353
317	21	4.53175995291947	52.13599437205994	51.52537540654032	59.53557142857143	10.564480952380952
318	58	3.3955141464409375	96.95777507264808	111.33205636051446	59.32967586206897	10.520534482758618
319	20	2.8764853641233374	23.119761099687423	52.380598742171685	59.329694999999994	10.5147
320	83	5.733704829431029	252.81371613632604	262.52710801435524	58.97986506024097	11.059572289156627
321	22	8.247524316154006	82.49285668237934	80.56639189249222	59.00289090909091	10.586545454545453
322	41	8.35274092878841	78.09314172697964	74.83912080639834	59.004712195121954	10.607892682926828
323	25	5.179819487800426	234.5324425686103	233.91478983578168	58.99456	10.668704
324	29	5.6824908025294425	192.71269695480962	193.55408683464267	59.099037931034474	10.610072413793105
325	41	6.2543993028932565	244.1446105960646	244.79678826462742	58.99707317073171	10.502482926829268
326	23	8.240914327495837	73.9916621093671	72.93615421614919	59.01089565217391	10.647165217391306
327	33	8.422652424556112	91.81202743717432	88.58873814371475	59.000290909090914	10.512624242424245
328	140	4.934950934629653	242.06889360332508	248.44659994371116	59.51690142857143	10.51189642857143
329	46	4.919854963810354	231.55544204553738	232.18189073140758	59.529871739130435	10.548423913043477
330	63	6.388197825354629	318.34536108198483	318.5009362880309	59.48655714285715	10.466493650793652
331	26	6.508288432695817	320.55205231889477	320.79770373205866	59.46651923076923	10.49508076923077
332	82	4.913745241517546	268.72759365555805	276.2907639211986	59.51261341463414	10.461481707317073
333	29	6.481573075556527	321.50682140090896	321.7279947254825	59.50176206896551	10.442337931034482
334	64	6.265607932997153	317.0691866381542	315.71070282112987	59.4527796875	10.5185296875
335	32	8.457383436193837	80.48406706836272	80.19238491216305	59.013690625	10.614959375
336	373	5.276336605455322	334.1536820398837	341.2626195111609	59.52820777479892	10.409476139410186
337	80	4.883348496119889	294.54132682510186	306.13982505306444	59.51630874999999	10.429455
338	39	8.397829575514987	80.34831904006933	80.56749425074753	59.01013846153847	10.556392307692308
339	25	8.034676034445551	80.04011332576493	79.99710532019373	59.01217199999999	10.576591999999998
340	32	8.310986733019678	79.35496612399822	79.06433029569968	59.012659375	10.590615625
341	35	8.402905033202797	79.4846414658079	79.50227081814904	59.01545428571427	10.633428571428574
342	26	8.005967411285578	97.24445426593923	94.40021490274052	59.00195	10.482434615384616
343	53	8.568964923649958	75.16986706274628	75.05434300192815	59.015637735849054	10.669620754716979
344	62	8.450854650223842	77.55901324347008	77.10958099045178	59.018738709677415	10.68753064516129
345	42	8.91266555375447	145.9848649494055	137.66684020155532	59.023845238095234	10.260121428571429
346	25	8.312859215226906	96.84670668334553	95.95033221085652	59.008272	10.477872
347	33	8.492214286565641	97.2383675177739	96.45595074985829	59.009448484848484	10.463663636363636
348	41	8.511421936573218	97.66202695038783	98.48138410242365	59.01504634146342	10.39839268292683
349	30	5.988556958491498	84.7114178193878	78.5995374583253	59.017246666666665	10.938806666666665
350	371	5.9348807725102635	43.39869795398272	32.85871753193618	59.023599730458216	10.963267924528301
351	30	8.075708240421054	97.1286018283817	97.18600864086227	59.01131666666665	10.441046666666667
352	34	8.298568581054916	97.85396020230854	97.20000477668788	59.01324411764705	10.41809117647059
353	103	5.499415233021947	97.98632644298584	95.37981277165068	59.018943689320395	10.90195048543689
354	29	3.0064821857133364	160.67175514860492	150.64316469682223	59.74012413793103	10.26028275862069
355	32	8.06952740649291	97.0168746657497	98.4602018511547	59.019718749999996	10.342415625000001
356	66	8.568920755148568	104.10323153599631	100.20249966633742	59.0160606060606	10.334677272727271
357	27	5.174075970377866	102.90080482119589	101.67680629441236	59.02211111111111	10.875159259259258
358	35	2.410061411003016	57.94567061249836	62.17325543388637	59.883768571428575	10.74368
359	26	8.315504126520151	76.3607985919719	76.4848104179726	59.022438461538464	10.704042307692305
360	67	8.464540527417912	96.44723273719148	97.29313038071899	59.02166865671641	10.317238805970149
361	27	4.0246691622651	35.753404952041706	46.42207338810215	59.8846962962963	10.73477037037037
362	36	3.1879831977830664	51.30064305614928	60.55621152252161	59.88708888888888	10.740869444444446
363	33	8.280356101477624	90.26542808519696	83.70007833916168	59.00682424242424	10.51320909090909
364	38	7.980930176216781	92.59014128080912	87.07594602823389	59.00713157894737	10.505615789473685
365	25	6.7535154092088945	166.66714040971522	167.09483575649324	59.090864	10.238159999999999
366	226	4.9612086897687355	162.72456880616824	166.1017832766496	59.099970796460184	10.234250884955753
367	24	7.837190093512355	166.60422046852023	168.46661242750326	59.080999999999996	10.2423625
368	35	7.211724356286985	166.77923755709276	168.27867564093856	59.085499999999996	10.24044
369	21	7.685192537889797	167.91905119643252	171.14436018481138	59.068809523809534	10.246985714285714
370	24	7.425228243322837	168.0597079938624	170.4622087758744	59.07074583333334	10.246345833333335
371	36	8.5538340106657	74.913931831551	75.16453189665833	59.02192500000001	10.726374999999997
372	27	8.116833322318659	77.72138800378951	78.09844257734585	59.02521481481481	10.74425925925926
373	122	3.567435970161277	79.56677798065778	92.26418656680414	59.90073852459015	10.734313934426229
374	21	5.089669076180853	189.22147871208963	189.53849927932362	59.060747619047625	10.590966666666667
375	123	2.3118874292149156	186.50572129077977	184.87548478466167	59.12209756097561	10.226547967479677
376	23	8.119454439914254	102.66540221996064	96.87562422572842	59.0239956521739	10.287017391304348
377	37	4.572059946370263	174.9162884172656	164.31317785519968	59.11436216216215	10.225986486486487
378	49	4.300487175138383	181.6686226196875	172.83636287750596	59.11606530612246	10.225697959183673
379	27	5.417039485419963	192.404997864234	192.46742166876678	59.12414074074075	10.621655555555556
380	158	8.3682418363806	139.67403517164928	139.72488662424428	58.970387341772145	11.029239873417723
381	24	8.289834875561253	107.12277216759395	107.56049311511822	59.00779166666666	10.914095833333334
382	88	7.324359934620033	349.1169044511933	349.01800120822804	59.220763636363635	10.637742045454546
383	65	6.911667032977441	28.440371591175506	29.21275199431477	59.84374615384616	10.609764615384615
384	97	8.201492617647203	105.85295237837488	106.28992414518791	59.01920824742269	10.845396907216495
385	25	8.249469195727908	106.35867789242155	107.32640772469597	59.009284	10.903452000000001
386	68	8.07247199665737	106.32739420130952	106.9372738182081	59.01405147058823	10.874923529411763
387	24	8.37153638237614	106.57250715753156	106.36312902881218	59.010895833333336	10.892175
388	48	5.363441070535266	84.6756611208358	75.37659343820667	59.875341666666664	10.708504166666666
389	75	4.603340145276506	70.32494162532902	62.35101776959078	59.876988	10.719542666666666
390	47	8.318224454285989	107.10410207103041	107.5494042175971	59.00476382978723	10.930270212765956
391	55	8.345019048404087	105.41998950559417	106.25686756096445	59.023590909090906	10.814130909090906
392	134	7.044491916380261	349.0277802317846	349.00566129003863	59.20172537313432	10.643594029850744
393	28	7.701359675468452	30.60484130918968	32.714056430568974	59.860757142857146	10.630560714285716
394	34	7.332710452464415	28.713928707453192	30.826759619673226	59.85006764705883	10.616726470588233
395	90	7.229313336673628	348.33573918554634	348.22329971687026	59.31422777777779	10.604361111111112
396	72	4.567129160598161	212.06591367705857	218.44407458273616	59.22758333333333	10.984591666666667
397	37	4.3807590333406985	200.83135138244054	205.54249296051472	59.25247027027028	11.017172972972974
398	71	4.66393939426026	210.25632633230245	217.17105277427734	59.245190140845075	11.009145070422536
399	29	4.095491621948794	221.76179553359933	216.98821245922278	59.220827586206894	10.972441379310343
400	22	8.24291336350329	170.7365522794828	166.37206383103762	59.040931818181825	10.254527272727273
401	71	4.635426146183166	205.51983132500982	212.52257047634328	59.21184225352113	10.96182676056338
402	59	4.178943699187853	213.57524371877452	204.96167453763002	59.21711694915254	10.96693220338983
403	45	6.9406145555239425	349.8691552731753	349.35931601499703	59.183168888888886	10.648233333333334
404	255	6.096943168502697	184.70135918514254	190.07494977377053	59.07748431372549	10.971555686274508
405	22	4.408191058234433	211.40898904442173	206.64600524033625	59.23475454545456	10.99284090909091
406	50	4.33721265155465	218.92437558380135	212.86924251339883	59.238240000000005	10.997446
407	73	4.310277629867399	246.02883767463743	252.83771009341424	59.26248767123288	11.042478082191781
408	33	7.472382006312187	30.566566929576766	32.84040077269799	59.85833636363636	10.627475757575757
409	30	6.937092724044356	29.09111653725256	32.66766978172927	59.85632999999999	10.624196666666668
410	36	8.187761259726223	2.2415589587580484	5.951864258266141	59.801961111111105	10.576925000000001
411	29	3.219063486437543	263.8701207576338	254.7023437125534	59.26734137931034	11.075686206896552
412	51	4.003553745320287	262.07092152182884	247.4141915298813	59.26658431372549	11.059282352941173
413	29	3.788073540389065	255.7411271416097	269.094024354848	59.26656896551723	11.06923448275862
414	114	8.455893883770491	164.80964735501368	156.84507506936995	59.03664912280701	10.256615789473683
415	39	3.6915636008460817	218.91293770133973	203.611824890522	59.25916923076924	11.02255384615385
416	44	4.155834189684339	254.50197369703938	239.63311160986132	59.260700000000014	11.026193181818183
417	39	4.150376936492087	216.63481019296984	207.4889852711433	59.204179487179495	10.950389743589742
418	37	7.353864866338702	349.80316060154627	349.09213626622767	59.17655945945946	10.651921621621621
419	34	4.216033611801271	161.38888589456064	167.8268292106104	59.19433235294118	10.947420588235294
420	79	6.051818751109163	178.849098400677	176.720208963196	59.09269493670886	10.97196582278481
421	149	5.425119282925821	173.4468166029652	167.46968560545906	59.164394630872486	10.95534899328859
422	137	4.121648273195479	79.37202992998988	71.76211398820158	59.89860948905108	10.719286131386863
423	27	4.046658655197178	175.95132281801375	162.32243589672998	59.19754074074074	10.94549259259259
424	38	4.257390728628979	199.1505462449219	183.6216926545405	59.19937105263157	10.945647368421053
425	34	5.99675684501626	186.77748576888692	174.12214270871266	59.067073529411765	10.965064705882353
426	38	6.18109517344912	198.77404303387542	188.36964463835432	59.069100000000006	10.9657
427	96	6.138828440553705	171.2726908349748	177.00005095640722	59.105245833333335	10.972001041666667
428	110	7.236570479499684	348.1629454755845	348.0733867885226	59.286063636363636	10.614262727272727
429	109	6.941949873332397	348.5813293935591	348.6539162563808	59.29905779816513	10.609998165137613
430	52	4.397992860061923	173.40255634371783	175.98602697949696	59.17233076923076	10.954467307692305
431	42	5.573020011596303	165.3585293078828	166.98856122483926	59.15560714285715	10.959107142857144
432	67	7.077228932443717	27.109430803540704	29.167874937868532	59.83452835820896	10.598882089552239
433	28	8.26205881409605	136.9290207937578	128.35594100992097	59.02901071428571	10.265221428571426
434	42	8.286074650912445	114.33867884663226	106.60721630369562	59.025450000000006	10.276104761904762
435	37	8.172848330142486	125.22459090076643	116.20729514883641	59.02687297297298	10.27037027027027
436	37	5.936106900747677	174.43915439753573	179.25528486646226	59.12830270270271	10.970227027027027
437	159	5.922024727229645	164.64753805498935	171.8340533879874	59.13607044025158	10.969011320754717
438	22	8.296223547417434	145.30980381563757	137.4176179416654	59.03120000000001	10.262113636363635
439	24	8.503526460215957	153.65392501425822	145.0141242720855	59.03297083333334	10.259391666666666
440	70	5.991419649059934	184.72144619009217	187.22646729811942	59.05372571428571	10.575617142857142
441	22	6.460618153355338	174.60076977892413	169.8150062791941	59.111231818181814	10.97025
442	35	5.8500993644436	178.2030253466727	173.03927471647535	59.1153	10.969699999999998
443	28	7.533425366335597	348.7360031803642	348.0855183372095	59.32526785714286	10.60192142857143
444	108	3.9644336586696762	165.63285752459979	171.90581933214287	59.18016944444444	10.953078703703701
445	28	4.022882806680726	166.31398542157024	163.56574019330117	59.184621428571425	10.950953571428574
446	34	6.353750291499716	165.0476391716884	160.87851326638258	59.145279411764704	10.963538235294116
447	26	5.980636982788141	165.9714555703515	161.50116946639935	59.148523076923084	10.961796153846155
448	31	7.1366887714592755	348.8526627394578	348.62582317717823	59.239009677419354	10.63187741935484
449	73	6.958262410377399	348.5418611565268	348.5374015758041	59.337586301369875	10.596342465753423
450	39	6.237280639930593	188.95886651448595	191.98133153098223	59.0367358974359	10.571402564102565
451	31	6.822732172175342	348.43100353628193	348.26958955738104	59.25925161290323	10.62281935483871
452	22	8.404552930194832	107.14283889102785	109.30885541140765	59.00210000000001	10.946231818181818
453	20	8.136772186748654	119.82733481398515	122.21426562270403	58.993695	10.977245
454	41	7.554760590721883	353.7227365452297	349.52203474168414	59.16097317073171	10.657082926829267
455	53	8.163109203473356	353.3568091341366	349.04117518432656	59.16581132075472	10.656347169811323
456	49	7.32093824233439	348.5769041789313	348.5628417343233	59.26998367346938	10.62059387755102
457	31	7.1385263926428255	348.2589437971171	348.09618312626486	59.27605161290323	10.61871935483871
458	105	5.849078617463898	198.01472092583532	202.6851849187862	59.01929523809524	10.563796190476191
459	30	7.534347658001617	348.5168711711329	348.3891909313414	59.246046666666665	10.627796666666665
460	24	6.996801713779507	348.5651137030905	348.3531564913649	59.25320833333333	10.625370833333333
461	27	5.847236000790303	52.50171505085058	64.50652803892928	59.878981481481475	10.659981481481482
462	84	5.174756618163197	75.15311793436109	89.22639874894219	59.87962261904764	10.66580238095238
463	32	6.431674464692037	32.823537651538686	34.12610653199164	59.864725	10.635434374999999
464	24	8.16150991339123	119.56941867266045	121.66420037544111	58.99623333333333	10.968995833333333
465	127	7.109158868069314	348.2838740750296	348.004455672873	59.35591653543307	10.589908661417324
466	48	8.145556970666485	120.24235611570532	123.32965682977459	58.98944375	10.988875000000002
467	96	8.292650966086034	122.43156595106052	126.04505320531831	58.98667187499999	10.996698958333333
468	65	7.733556479576979	7.996677987584178	12.90280935330469	59.8108923076923	10.579653846153844
469	60	8.721663718346639	4.673877842102343	10.108818655444054	59.80674166666666	10.578214999999998
470	35	8.5196898608888	108.8996979913066	116.09129803412372	59.0002142857143	10.95649142857143
471	20	8.140861642817558	114.84586715729006	121.28795475666521	58.998614999999994	10.96224
472	56	6.934273379685605	347.9134478746602	347.7625195015756	59.389117857142864	10.577653571428572
473	23	6.896553989252437	348.1317380307415	348.56013038760767	59.380386956521754	10.581273913043477
474	53	7.292432560150438	348.0402631031289	348.0221449954937	59.36938301886793	10.584394339622639
475	23	7.494633971715119	347.772305425782	347.2195844160502	59.37654347826088	10.582834782608694
476	38	7.975192954718503	15.973530263160171	21.436331562385533	59.81842368421051	10.583344736842104
477	40	7.037685661613151	347.4930795931152	347.6253341290947	59.4008075	10.5738075
478	48	8.33468598936193	99.9922193936377	105.57049517994875	59.02662083333333	10.792806249999998
479	34	8.043864211426508	12.42270533079926	17.92930053473424	59.815917647058825	10.581923529411766
480	27	7.456821261175178	12.103870607024362	16.4356996732364	59.81414814814815	10.581251851851853
481	58	6.499370438693283	21.4282524932475	27.2980180873339	59.82646379310345	10.58995344827586
482	33	7.324372399029896	19.40863059113991	23.732302320896565	59.822145454545456	10.586403030303032
483	65	5.189880764588313	42.6827188355179	56.699840368409696	59.891586153846156	10.69016
484	29	7.70923879638741	347.77740996876025	346.56452122389334	59.40722413793104	10.571106896551724
485	26	8.496459401314423	81.5632432497573	87.68389149441924	59.02727692307693	10.777119230769229
486	86	8.206140766236071	90.84282277978838	98.61944368261578	59.02714651162791	10.785123255813954
487	37	5.145266698452291	61.23445528414163	55.443008306342506	59.89323783783783	10.695956756756757
488	63	5.152069300236392	58.570415667281566	53.427012874929176	59.894553968253966	10.700292063492062
489	70	8.29111035055983	126.63390113073456	132.72754748510022	58.981048571428566	11.010435714285714
490	47	8.314459629579401	132.0302775084361	139.38627271262192	58.97862127659576	11.015157446808512
491	21	7.514610857654508	347.43152276319904	348.09789162100225	59.41858095238096	10.56557619047619
492	23	3.426871535334055	28.68911549977463	28.68911549977463	59.87176086956522	10.658247826086956
493	25	7.697832638974534	37.87359418701078	42.347261105151915	59.876684000000004	10.65274
494	57	8.002210091505685	34.79944434033274	39.36324344038644	59.87455087719298	10.649059649122808
495	32	4.444811316921555	45.173540921008566	33.37490365192997	59.89840625	10.702175
496	29	4.14180701730727	33.70825852134931	20.95504939154489	59.89960689655173	10.703758620689657
497	20	7.535349287772151	348.65043114193196	353.63357695706105	59.429469999999995	10.562074999999998
498	45	8.098883145245413	349.82632881186817	355.38435476128484	59.431771111111104	10.562886666666667
499	27	5.748447550063948	143.41616673900313	141.4629629614575	59.49527037037037	10.450670370370371
500	35	6.333429464787573	143.85038741302822	142.90762313983396	59.504465714285715	10.438765714285713
501	20	5.418150693334186	54.13030899771422	59.89313304458784	59.89061499999999	10.685994999999998
502	22	6.991296420418505	141.9237587041688	141.39372617410328	59.483804545454525	10.467377272727274
503	90	5.590674600583331	147.20192723049445	153.90190847626877	59.71009333333335	10.59100111111111
504	114	4.544952106821568	87.84495895600321	82.0181731845691	59.512828070175445	10.470664035087722
505	152	4.457788681036211	64.36004174004671	57.97418879566197	59.517559868421046	10.51503289473684
506	63	5.088266595658827	219.2905404432798	225.87152163362686	59.54902698412698	10.595331746031748
507	111	4.449463151492378	101.34210370090938	110.75491802638118	59.7319072072072	10.25259189189189
508	67	2.6046311222174037	115.0987848418988	100.30986385706672	59.73208358208955	10.229407462686568
509	27	5.802796180225846	124.54589072712741	124.86412320157734	59.69783333333334	10.344292592592591
510	92	6.0389555498523375	126.50843746860625	125.43085233544673	59.70705326086957	10.321004347826088
511	46	5.977242238281746	128.2566349045951	126.46128520507057	59.71803913043479	10.291832608695653
512	23	7.335839568577592	42.68878489794662	46.31438620466679	59.88717826086956	10.672839130434783
513	27	2.3902079170694885	190.80824267159826	189.58117156185835	59.60894074074075	10.431625925925927
514	29	3.8992257459405826	185.64626809346802	185.48925641493753	59.602806896551726	10.42971379310345
515	113	4.514892201130233	112.71999630195876	104.40654511334924	59.514950442477875	10.435778761061949
516	43	5.687273051478086	174.32484615277906	179.15773689994842	59.07556279069768	10.57399534883721
517	45	5.354132837078913	193.2660711079007	193.94646784780082	59.57303111111111	10.417213333333333
518	30	7.145716714926706	211.6960773480801	211.2269104114261	59.12066333333333	10.587866666666665
519	290	5.512435110999703	197.94149611493054	189.62948208732726	59.10014896551724	10.563849310344828
520	32	5.097855908776969	191.33966200983096	193.83575538919268	59.580715624999996	10.421600000000002
521	272	5.057372481433487	171.1976009505803	179.2950434309446	59.59205220588235	10.425009191176471
522	34	5.635421038331305	142.37850557683356	149.5403744609788	59.68026470588235	10.384135294117646
523	30	5.414240658364035	129.34789299324007	135.68746550098967	59.68715666666666	10.372516666666668
524	110	4.2842262083164915	179.44785002958804	188.92152496597694	59.625904545454546	10.416446363636366
525	102	3.6542309224575478	195.7926446267603	188.10606028431545	59.61821274509805	10.412516666666667
526	34	5.0670522779767335	186.42417279937465	183.20465497741677	59.54740588235294	10.405988235294117
527	147	5.241199463751509	191.790131181736	186.8214332785002	59.55765306122449	10.409257142857143
528	36	5.946646912534216	144.33268646244	147.1147700802003	59.4490138888889	10.51588611111111
529	53	6.429268780534674	138.1267978049899	141.30195717972788	59.46227358490566	10.496183018867924
530	20	6.515140198910304	140.70804170532062	141.08643659422216	59.47333999999999	10.48432
531	135	4.151425406655819	168.47472076718225	159.0325427674186	59.60922222222223	10.411902962962962
532	45	3.774293410677342	185.7649591989934	177.33856283243517	59.61270888888889	10.411026666666668
533	65	5.523949162351838	159.82145275071218	150.264775872006	59.526932307692306	10.409540000000002
534	28	8.198347268542602	260.301934999146	260.4376860328766	59.02290357142858	10.689360714285714
535	127	6.064783476206211	172.58981125521723	176.20283530937013	59.049626771653536	10.969570866141733
536	25	5.512175773616329	171.23965003840226	163.83001868170754	59.53202	10.405955999999998
537	88	5.238114366984536	181.73822768338445	174.98161976305119	59.53741136363636	10.405101136363639
538	29	8.239811887195993	274.53532067284027	280.4374854403962	59.008624137931044	10.403713793103448
539	63	8.225146161018062	260.03725780342677	259.4967488673617	59.02135714285715	10.664950793650792
540	31	5.212464545264182	64.4464662565972	73.89210243663905	59.897300000000016	10.702
541	26	5.067798776980784	55.7632605745506	46.61367899181073	59.89685769230769	10.698761538461536
542	99	8.135978239230889	259.1366283748819	258.9565774366612	59.01745555555556	10.624731313131313
543	46	7.966643713609487	277.49374943963596	277.4812897268366	59.0160695652174	10.38823043478261
544	31	7.898342849787807	276.3124537458625	276.94780964759065	59.01385161290322	10.423590322580647
545	59	8.067460724837732	276.3160156975372	277.0687711196199	59.014528813559316	10.407986440677966
546	79	8.07285155068825	277.4718273460827	277.456559624747	59.018482278481024	10.364946835443039
547	82	8.091193346012014	278.0099343121659	277.73506308025827	59.0197743902439	10.340917073170733
548	42	8.24532994075614	258.1814433146162	258.7983216962711	59.01122857142858	10.55742619047619
549	46	8.035115859605854	258.4001135521081	259.15105338699306	59.013378260869565	10.577758695652173
550	119	6.229195477643773	275.2580270830105	279.749918415606	59.02067226890756	10.890291596638654
551	22	5.97106318006443	269.76632148794215	274.7094001553717	59.01812727272728	10.915636363636365
552	41	8.0118382528598	274.17424391432723	275.67539818862923	59.01016341463415	10.476939024390244
553	63	8.203427072763466	275.04148597488285	275.37904218954867	59.01169841269842	10.456547619047619
554	22	8.046549384623022	348.90106854772125	350.51998642627456	59.04723181818183	10.253863636363635
555	67	8.43651025711303	351.63733076396903	348.5327473846099	59.053417910447756	10.253982089552238
556	20	5.69030165840571	147.94537966840414	152.3227859141532	59.436989999999994	10.528315
557	153	8.085349637252197	349.6704037832119	348.05514780851	59.06553725490196	10.249008496732026
558	64	8.042489779997023	348.5358290736863	346.92985296002064	59.0772875	10.244596875
559	76	7.556510580611423	347.85158942109405	345.9850110178361	59.085150000000006	10.241434210526313
560	61	5.614528547007592	197.28119782852224	210.42510271505233	59.024781967213116	10.96724098360656
561	78	6.442940196366158	180.11369852535955	187.35008898439827	59.03123974358974	10.96980641025641
562	45	7.646214440694252	285.91859452084583	286.36525494457726	59.02077333333333	10.842417777777777
563	27	8.196054786883193	259.40755991755907	259.41640982993636	59.02481481481482	10.719037037037038
564	47	6.841120034109842	346.60346090519937	344.3007125098419	59.09159787234044	10.238606382978725
565	140	4.960486975271403	345.6940149101746	342.1821393591676	59.09923642857144	10.234932857142859
566	99	8.137847736333631	286.6391412130858	286.80385376331526	59.01574040404041	10.866101010101012
567	21	4.327497287750201	343.11854837581103	341.2831425009059	59.103923809523806	10.232233333333332
568	23	4.904411857642298	341.912631945808	342.14429735189043	59.10642173913043	10.230526086956521
569	48	8.209846793576443	286.85047793570203	287.3691904169148	59.01113541666666	10.891752083333332
570	100	8.218070265141371	286.5938108225655	286.86198515882495	59.007780000000004	10.912661000000003
571	61	4.747441352521261	341.3456335720984	345.9744130893917	59.111334426229504	10.227618032786884
572	58	4.617969568618192	344.76350308566543	353.8750088702802	59.11371724137931	10.226422413793102
573	37	8.280000844683112	285.5743430864053	285.4583525157011	59.02404054054055	10.821321621621623
574	40	3.067964604507385	13.582619322620587	13.582619322620587	59.9090875	10.7285425
575	43	8.121282676027759	262.1877187350514	267.61552453960627	59.00844186046511	10.520744186046512
576	27	8.064711273057116	268.3575302732967	273.2391724477782	59.00842592592593	10.512970370370372
577	49	8.259235328640983	314.44948445696656	314.44948445696656	58.97060612244898	11.031838775510204
578	35	8.090280532366702	318.4277890094789	318.4277890094789	58.971619999999994	11.036419999999998
579	25	5.220288383319309	58.60067943444358	58.739364907699894	59.89724399999999	10.702928
580	26	8.20562564747027	286.0719645849101	286.8694023975269	59.00463846153847	10.934265384615385
581	386	8.395135360780793	295.0634109196644	291.38380875456374	58.999069170984455	10.961516839378238
582	67	4.680805050285538	24.92090790864961	23.148370389599222	59.905835820895526	10.72698208955224
583	124	8.434854800638872	307.3677189023978	303.49016263943344	58.986673387096765	10.998410483870972
584	65	8.621663213869434	313.5784553020663	308.8882924701708	58.979980000000005	11.014092307692307
585	31	8.376088846982324	317.25832683979627	313.00672252300006	58.980025806451614	11.023412903225804
586	49	8.348286713845216	311.68592777138286	306.90185381032495	58.98495918367347	11.013359183673469
587	95	5.2304369083184605	33.872174421304294	36.57289512825497	59.886981052631576	10.677973684210526
588	22	5.329664486908091	34.09700625684923	35.190788012305006	59.884627272727265	10.67519090909091
589	36	5.317284059901704	35.05471645160702	41.35189451145027	59.890144444444445	10.682530555555555
590	21	8.126833227015222	346.9478581707482	351.11284850166004	59.040709523809525	10.255966666666666
591	50	5.074735765584915	190.84814203265336	180.47864143387926	59.80009199999999	10.556442000000002
592	57	5.281983784534478	33.05220398921091	34.5885741449232	59.88248421052633	10.67179298245614
593	94	5.157611535402298	32.348628744824566	34.08204065653524	59.87953617021278	10.66781170212766
594	53	4.876955224002383	42.71227008606593	28.65709162422951	59.90412075471697	10.724892452830192
595	24	5.167536641225612	32.45671208051175	33.40957240921159	59.8775125	10.665212499999999
596	41	5.126959546842888	31.014462470783428	32.41526157426432	59.87611707317074	10.663404878048782
597	133	7.836183157551452	273.90615438545115	266.6578639647097	59.029508270676686	10.783370676691728
598	20	8.28186805979743	285.889122229401	280.84115484989456	59.028615	10.796085
599	60	5.155964616329849	59.70260438424003	57.58320694139633	59.900011666666664	10.713155000000002
600	144	5.056074811888676	58.380683591448644	49.655663902323624	59.90229444444445	10.720641666666666
601	51	6.653511589217858	213.04401286141672	213.55641474838805	59.140056862745105	10.611496078431369
602	121	5.328879333198494	51.17608402843172	59.03983008052637	59.89368429752065	10.689906611570247
603	44	5.244219338212136	38.27290192746818	54.5422980918529	59.89251136363637	10.687170454545454
604	36	8.078625323338704	286.6562475877622	295.21905794336794	59.026683333333345	10.275969444444446
605	24	7.431813410647191	189.512401333162	189.11948896810168	59.48831666666666	10.5664125
606	21	7.2683495639447715	189.05400085650524	188.80435538534806	59.483095238095245	10.563566666666667
607	42	7.915044680323653	338.62131013561515	346.68425930935115	59.03704047619048	10.257938095238094
608	42	7.931383842725526	322.0358753848438	330.06652190744063	59.03258333333332	10.262114285714286
609	28	7.922771123482979	331.16677452980196	338.84594849436877	59.035060714285706	10.259453571428574
610	33	8.102221450908633	297.93138921302057	306.9305894776165	59.02810909090909	10.270696969696969
611	31	7.708869623267967	311.1238226502831	319.8482266310156	59.030193548387096	10.265677419354839
612	25	7.990175870990405	203.22265597317022	203.33325602938964	59.535516	10.596820000000001
613	33	6.6160859903643265	203.79845061395608	203.99929843342068	59.5308696969697	10.591415151515152
614	34	7.94791840774512	185.94062110910028	186.8813475222552	59.80406764705883	10.569694117647057
615	54	8.571077784764057	189.01741511811534	189.4002623344277	59.78127592592592	10.562814814814812
616	56	7.728519204701423	189.33371289700196	188.88220672881647	59.47107321428571	10.559351785714286
617	31	6.71701887688045	168.37460387820988	168.6957645357994	59.22145161290323	10.61845806451613
618	43	7.225327634090948	168.99967311924138	168.66924272315669	59.214439534883724	10.620876744186045
619	79	7.295734857763	168.98421844163317	168.77760008096107	59.25113670886077	10.608072151898735
620	115	7.052458990219044	168.6063493330647	168.6660149095643	59.23404	10.613831304347825
621	33	8.61367167568347	186.41876766366752	189.4589083330835	59.78917878787878	10.566487878787878
622	33	8.524705562148998	185.40494335543974	187.44212129610466	59.79641818181819	10.56809393939394
623	62	2.341631249060616	252.89956071276697	246.33715547715366	59.8905935483871	10.75501129032258
624	89	2.627084501158156	183.94741409396846	177.6255888444166	59.90598314606742	10.707514606741572
625	34	7.794717817713938	203.80299917743886	204.04598018920314	59.54548529411765	10.605520588235294
626	115	3.080985491485195	244.0511666175609	241.8815478821955	59.88451913043479	10.748253913043477
627	62	7.338111984342823	174.16024944900676	174.062474742443	59.60871290322581	10.624393548387097
628	52	7.041321645796493	174.53519768539422	174.05062891788248	59.62382884615385	10.621801923076923
629	41	4.521943605454517	226.82072523747703	217.49676933473523	59.88443902439025	10.734070731707318
630	25	3.9589269233122697	240.01517289177917	232.29960378520036	59.887207999999994	10.741352
631	37	8.058374809904427	187.07794298732912	187.83843526541514	59.77066756756756	10.558635135135134
632	22	8.70210596353751	205.00373055265862	201.76537260327163	59.521027272727274	10.582431818181819
633	285	7.784910632473328	199.04286899470003	193.83302282819992	59.51351192982457	10.576990526315788
634	110	7.357983674216649	169.07084739826496	168.89091698837956	59.26717727272727	10.603428181818181
635	146	6.949468026717116	167.57380297802843	167.754001747973	59.379887671232886	10.564102054794521
636	45	7.43389724018727	168.91622810821968	168.7576056691155	59.29823111111112	10.594177777777778
637	46	7.263324159069578	169.0519276409433	169.11512041118135	59.286817391304346	10.597126086956523
638	24	7.536343827870488	169.39414515483588	169.14569492069108	59.281412499999995	10.599762499999999
639	82	6.583468311755246	168.7325545847251	169.573192479868	59.18901219512195	10.629746341463415
640	25	7.341733051736023	168.48861888180306	168.854316304647	59.311712	10.589064
641	21	7.195174910104989	168.46175597952254	168.65243346065665	59.30530952380952	10.590909523809522
642	43	7.176459736971833	169.47596589113596	169.1778852293578	59.3190534883721	10.58672558139535
643	21	6.76529893157523	168.59904534711245	169.52991612982555	59.20537619047619	10.62337619047619
644	40	6.614354418584853	168.61184265932945	168.77592987249204	59.1997125	10.625335
645	75	4.805972343936481	250.78116539515685	259.24619209570534	59.89869333333332	10.721088
646	97	3.8869426344553015	267.6994685658438	257.0432190317963	59.9006824742268	10.734344329896908
647	75	6.834759425473858	175.17927387592204	174.4570548322704	59.64236399999999	10.619428000000001
648	59	7.374412047411925	168.24654984432527	168.79735297713523	59.33139661016949	10.582318644067795
649	40	6.654360313335934	168.66719987228566	169.68975481671714	59.18164750000001	10.631584999999998
650	21	6.995361147820138	167.94069630674596	168.90162305869853	59.3391619047619	10.57904761904762
651	74	6.948875323720321	168.12608984122312	167.72628176548312	59.396724324324325	10.557963513513512
652	53	7.462143270522925	168.07375460814467	168.48146111230312	59.34731509433963	10.576537735849056
653	72	7.3860158003612515	189.07386159091396	188.14420730229847	59.46073888888889	10.556611111111112
654	23	6.773033429648256	168.01020002420842	168.18372263489994	59.365578260869576	10.569847826086956
655	21	7.311686561859732	167.2018166739233	168.0584180410102	59.35927142857143	10.571895238095241
656	34	7.225663403569972	169.3636799285449	168.88197786218916	59.40687352941176	10.556344117647058
657	35	7.829948230600625	169.6960861132942	168.423777159942	59.41748857142858	10.55344
658	26	6.509740095222317	168.78500717889915	167.90068808411627	59.41136153846154	10.551407692307691
659	23	7.279362166438931	169.2587840942159	171.81491708278384	59.17364347826087	10.634195652173913
660	249	7.791034749588157	185.94804321853962	181.09327103791625	59.75292530120482	10.553200803212853
661	26	7.30976151704231	172.1443951410306	169.59148359768892	59.42658076923077	10.550630769230771
662	22	7.914113788783606	187.5545411548742	183.6632590145886	59.445540909090916	10.551295454545455
663	224	8.03913471024701	181.2073297442411	175.65636790862618	59.43552455357143	10.54964375
664	28	5.329790858036554	217.169306212088	222.49323144974602	59.88752857142857	10.683392857142858
665	20	5.035053027216539	221.8882953983347	235.2277118064627	59.878930000000004	10.725425
666	21	5.019382279696113	214.34549679915358	223.62829522969156	59.87995238095238	10.727533333333334
667	49	5.389027527866458	226.73029918963172	233.58490184856606	59.89622448979592	10.704036734693878
668	79	5.111500693432017	235.07493077197358	222.2286665310826	59.89174303797469	10.69056835443038
669	37	5.239507681939782	232.4579163962204	238.39047028356447	59.89398918918919	10.69786216216216
670	23	6.947349956957528	231.35872110541433	229.18935896763222	59.88561739130435	10.667182608695652
671	52	8.804880962787127	192.39291641764376	198.95679783328075	59.567851923076915	10.626669230769227
672	51	5.427102905164995	242.4289423700003	248.66014877462663	59.8770843137255	10.718919607843137
673	32	5.294435256208926	268.6099849487343	281.10502203101584	59.87536875	10.7028
674	60	5.519554199712374	254.15926038022383	264.2527006018298	59.875345	10.708144999999998
675	51	6.201922998153731	143.3459540031306	144.75908021029204	59.69070000000001	10.596960784313726
676	53	8.713781524826484	182.86357096111874	189.71116827082724	59.57267358490567	10.628366037735852
677	51	8.509671171745222	177.69064732474487	183.66124483947135	59.57627843137256	10.629288235294116
678	35	6.967752598757817	174.70939719315368	181.0757463238782	59.16325428571429	10.636619999999999
679	26	7.030040414506224	181.96780237126922	190.64930482721732	59.15922307692308	10.636107692307693
680	57	5.232954114316709	259.5655387205317	250.5921898001016	59.89761228070176	10.705040350877194
681	36	5.675275045596883	143.58784342687295	144.61496553055167	59.68673611111112	10.602616666666668
682	54	7.336983568705675	221.96461004063084	222.45119548732546	59.85575740740741	10.606862962962964
683	383	5.837897287592003	169.52347400752512	172.97912072675967	59.666000261096606	10.616434203655352
684	45	5.6456736001287595	280.612295865727	271.1752887807088	59.879559999999984	10.669202222222223
685	54	7.086813539865556	221.95496413439926	221.8235045743639	59.86213148148146	10.618748148148146
686	95	5.511249316676234	258.1429931721698	248.18769998539366	59.87920421052632	10.65752105263158
687	20	8.354233565906103	193.4662176466865	188.4440511325786	59.834965	10.578475000000001
688	34	7.416623205570984	221.4992815195734	222.92286261011168	59.86813529411765	10.630364705882354
689	25	7.581411256262409	221.40150157565552	222.28503292323865	59.870672000000006	10.635039999999998
690	58	6.8132032150133455	160.37555622494995	167.60598998182343	59.71688620689655	10.574260344827584
691	109	6.713044685845709	150.28384324544402	159.70243641703814	59.7192990825688	10.572578899082565
692	132	7.571399458305448	163.67324463508498	158.15415363061697	59.70837121212122	10.578033333333332
693	48	7.330568883228399	157.91554065086336	153.9018152033267	59.703597916666666	10.581589583333333
694	52	7.900796751659876	227.06862488464364	222.38778260725343	59.87500384615385	10.643326923076925
695	24	7.9122191979303595	228.4063365901693	224.19583163323094	59.87698333333333	10.6477625
696	36	7.875047518729604	198.71102490404388	191.3694029702811	59.83816388888889	10.579602777777778
697	28	7.674193162045904	151.32663170052206	147.2009257071561	59.72972142857144	10.560078571428571
698	65	7.926703100755559	155.75506663090812	149.5527460458581	59.73257846153845	10.557038461538463
699	58	7.344199687604306	166.25888062857962	158.28339866690817	59.73615862068965	10.55429655172414
700	38	7.524152088866406	177.7931441568104	170.96635026269348	59.74033684210526	10.552752631578949
701	36	8.674281100257623	219.85531613166393	214.07429725242153	59.8459888888889	10.588122222222221
702	20	7.243786485491688	146.44924096075727	143.08408731923623	59.69561	10.589974999999999
703	45	8.268960929716231	206.7402915555142	199.07349756974506	59.840464444444436	10.581528888888888
704	60	8.48333569537413	214.2216555299438	207.5229122422818	59.84350666666666	10.584740000000002
705	54	5.887276142655042	144.5463302447174	151.14623013935602	59.68168518518519	10.60901851851852
706	34	6.8084806814935135	148.82235851915829	144.1259545453949	59.69723235294117	10.587988235294118
707	107	6.998594512978556	153.39755696112275	146.955654333646	59.69912710280374	10.585757009345796
708	62	5.511350422819813	160.63223401057382	168.10936175151892	59.677627419354835	10.612427419354837
709	36	5.754147524561076	150.03872893281255	160.26838890897648	59.67965833333332	10.611152777777777
710	75	3.4752434652186524	189.87696794756528	194.32620992228956	59.90862933333332	10.728593333333333
711	31	6.696741039272391	259.90724381138386	252.75384968070847	59.41081290322581	10.524206451612901
712	31	6.544662360046916	265.9409071720022	266.8801745571203	59.41035806451613	10.519387096774196
713	20	6.738306674443635	267.5924536636538	266.57472190283323	59.411555	10.514475000000001
714	33	4.920170416063299	192.55398074316687	192.55398074316687	59.42711515151515	10.653566666666668
715	51	5.347970775287471	268.60775781290533	269.89680689438154	59.411462745098035	10.504262745098039
716	25	2.8611273152544303	272.12312375126515	272.218596316631	59.411744000000006	10.494760000000001
717	37	2.1169040974565343	279.8251717403647	279.8251717403647	59.411859459459464	10.492524324324327
718	67	6.3467066874145495	266.280692251339	267.3399023806402	59.410213432835825	10.509716417910449
719	186	4.998536718506772	266.1356684048187	268.94665891810286	59.40985483870968	10.500085483870969
720	32	2.870852284339472	272.55981664229364	272.62199187766424	59.41030000000001	10.49418125
721	43	2.5763859028837834	286.2331671703631	286.2331671703631	59.41003023255814	10.493062790697675
722	75	4.958397877328839	220.14798114002858	214.71654400586908	59.888893333333336	10.679218666666667
723	86	5.00134349956646	216.6451492277648	212.8888895716587	59.886131395348826	10.675223255813952
724	22	5.09304844621605	225.5512232472031	218.19012530466952	59.8913590909091	10.683568181818181
725	55	5.00469021119681	215.0850879001219	211.56683401109308	59.88402363636363	10.67203090909091
726	86	5.076869137117111	213.74409919924892	210.99471859215026	59.881740697674424	10.669510465116277
727	38	4.963598266690657	208.15573837643672	207.77643339127854	59.874852631578946	10.660813157894736
728	20	5.12199402428315	236.1075196816358	236.37427654545388	59.903285	10.71828
729	309	4.943093072715698	236.061698204332	236.1997961332022	59.905114563106785	10.72366213592233
730	35	5.045764188813701	211.69726348498418	209.28963679798557	59.87898857142857	10.665745714285714
731	42	5.08409111803055	210.25641960908393	207.2601047033769	59.87691190476192	10.663061904761904
732	25	6.693377033231019	266.75606319730025	265.78405337167453	59.410612	10.526276000000001
733	46	5.208450317409991	236.35387539054733	236.07562622335013	59.901769565217386	10.713099999999999
734	73	6.826716714193953	267.7352181477038	267.00534514739456	59.41129999999999	10.562515068493152
735	60	5.030224400846567	235.77280917152444	232.16312613874544	59.896204999999995	10.695571666666666
736	21	6.549327413131946	267.9665516203316	267.781616470545	59.41136666666667	10.574766666666665
737	170	5.080566033276268	236.50189353264034	233.4916352647479	59.89805294117648	10.701059411764707
738	49	5.089335279595291	236.7187167509488	234.94270309364805	59.90012448979593	10.707467346938774
739	28	6.901576820842228	267.35598116250304	267.16306040784366	59.41131071428572	10.571025
740	23	6.661813801119681	267.6729812805916	267.37753170376067	59.411413043478255	10.56791304347826
741	66	6.635199254035889	267.6139672694434	262.69390015788093	59.411159090909095	10.531442424242424
742	59	6.603024756374205	267.681727791511	266.2101412124141	59.4109406779661	10.5398
743	32	6.852915629732127	267.459708600652	266.2944862044638	59.410921875	10.535578125
744	67	5.144895301065664	234.09984065276862	225.8202408957537	59.89405373134328	10.689586567164179
745	29	5.14453860707417	234.18129158874146	228.46502173043137	59.89510689655172	10.692641379310347
746	31	6.5622329190421524	267.66308926293254	266.9393603228443	59.4110870967742	10.555200000000001
747	155	6.669029366645711	267.9611011562056	266.09315582961267	59.41107870967741	10.54678258064516
748	68	6.262889139727056	214.55193863013585	214.65386111491915	59.42426911764706	10.650160294117647
749	142	5.247011437082878	210.034426941014	210.034426941014	59.42714647887324	10.651164788732395
750	22	6.883739039845915	265.2663289219162	267.58301169603794	59.4111909090909	10.588813636363636
751	37	6.8727165730341	267.2509179499508	267.51003148782127	59.41136216216216	10.580713513513514
752	53	7.011887800921522	266.13597616481866	267.2324689125924	59.411409433962255	10.585401886792452
753	46	6.684440514747217	94.90504691463457	91.35682546163218	59.406391304347835	10.519878260869564
754	21	6.4819244978901205	97.93733111674328	95.18014586737462	59.40889047619049	10.528995238095238
755	36	6.448786642461296	99.02531684620953	97.08676061161918	59.409316666666655	10.521061111111115
756	430	5.861924294184862	97.3522840945891	97.78334373765233	59.41126302325581	10.501116511627908
757	28	6.886289676829873	96.84893972104533	93.00125547650003	59.40676785714286	10.513139285714287
758	120	6.637389142826519	211.6025666874897	219.69503752327944	59.4179175	10.640115833333333
759	167	4.938499105846554	136.2731327609763	136.23586556726093	59.409632335329334	10.492153892215569
760	117	5.871458172513885	109.62215646473419	109.39307024321505	59.4084735042735	10.495523076923076
761	129	6.165280095017803	104.88328066100388	96.47483321723138	59.407595348837205	10.500095348837208
762	76	6.5120855379002585	133.23711992702886	120.67113912501657	59.40725263157894	10.496525
763	84	6.632131651230085	99.49593362596625	88.97710534093676	59.40565833333335	10.504546428571427
764	48	6.621465205216175	113.96683921703982	98.94313255509564	59.405991666666665	10.500977083333334
765	28	6.521063036411528	215.99074730661675	222.52293330890998	59.41953928571428	10.643849999999999
766	24	6.693732192275744	217.6420105119938	226.08972521525743	59.41838333333333	10.6419625
767	29	6.747247001930862	266.16020399196015	268.2948723264929	59.41140689655171	10.595306896551723
768	196	6.592466168232681	242.26350102633586	251.63007048357196	59.415127551020404	10.633051020408162
769	46	6.489493644565231	228.5375222464801	240.90457569938798	59.41626956521739	10.637145652173912
770	117	6.673519444422058	92.6034596418786	89.56769439313615	59.40615982905984	10.52760427350427
771	24	6.772830465815218	90.98455191097412	88.84650148112456	59.4056875	10.539404166666666
772	47	6.687123162167344	91.99896400630143	88.90640584411449	59.40569148936171	10.535046808510637
773	47	6.646533122270827	249.96441785936577	253.98925491187435	59.413580851063834	10.624176595744682
774	23	6.7639456637285145	252.02000147302294	256.1445225374139	59.41310434782609	10.619765217391304
775	182	6.676700433476419	253.525842597067	260.03905271578833	59.41227032967034	10.614001098901099
776	21	6.707571980126208	258.1545011274662	265.33618194100495	59.41202857142858	10.609395238095237
777	23	6.629418890734228	261.6835925759642	267.8909668011339	59.41140434782607	10.604352173913044
778	33	6.675637485001668	259.8971396725961	266.61217206877217	59.411833333333334	10.606757575757575
779	99	6.740994210521746	89.92581474667827	88.58575375074469	59.40570303030303	10.548419191919193
780	25	6.430971469033353	91.79416197826055	88.88825578977782	59.407151999999996	10.562416
781	45	6.515707453287983	88.76795559294675	86.6813777514725	59.40682444444443	10.56904888888889
782	31	6.689984239880739	88.61813117133391	86.77812540132715	59.40613870967742	10.571970967741937
783	49	6.705614744949925	89.74568001305249	87.42361860201743	59.40562448979591	10.563942857142857
784	67	6.637921268249275	90.0212312951561	88.08674561799546	59.40578955223881	10.55605223880597
785	26	6.769761303447187	70.30445557461212	65.18788937048424	59.40999615384615	10.628092307692308
786	39	6.652535421772465	71.6124670360781	66.28023803766206	59.40952051282053	10.624705128205127
787	25	6.766638938447629	74.89182537261468	69.3068992340364	59.40873200000001	10.62044
788	131	6.5944881911275575	87.9872760211635	84.48566518888867	59.40607022900763	10.581461832061068
789	57	6.59448215686792	87.98917530270103	83.51792326922134	59.40637543859649	10.589042105263157
790	26	6.625730505924636	86.84555120617904	81.02214901524377	59.40694230769231	10.595146153846153
791	67	6.507035511480287	59.32096389781833	54.58999438351697	59.413676119402986	10.630474626865672
792	83	6.6085045454615745	54.58333331241863	42.9440942927767	59.4153108433735	10.635606024096385
793	55	6.277943579642816	39.71166430019616	32.63938831897491	59.41778000000001	10.640014545454548
794	39	6.422323823978289	62.051128027283994	57.73425489321204	59.4107358974359	10.621143589743589
795	61	6.373160572223968	68.45508616269433	61.24469020132784	59.409404918032784	10.6149868852459
796	20	6.315137166360271	79.2439462157742	69.78775991361226	59.40842999999999	10.610494999999998
797	29	6.430835821016533	85.6544007050374	79.9007684002184	59.40760344827586	10.59973448275862
798	52	6.429389472931915	82.73924825182775	75.96198395651663	59.4078153846154	10.604509615384616
799	20	6.614429592266542	76.67032858416428	70.97207322410105	59.40682499999999	10.60955
800	22	6.638144809770045	74.4202108416722	70.75836481752572	59.407209090909085	10.612081818181819
801	106	6.707869682354681	80.08360734523501	73.5392059279435	59.406231132075476	10.604605660377358
802	74	6.592707446095389	88.59127871841162	83.5385063368733	59.40552027027028	10.59323108108108
803	73	6.619154753948601	85.2999369226057	79.1453708717043	59.40571780821918	10.598376712328767
804	61	6.554762196414422	33.1397923462967	25.33611285138636	59.41742295081968	10.645754098360655
805	27	6.4607459813372605	45.95863645502425	35.18468570464199	59.41391851851852	10.642885185185184
806	48	6.473897598185509	36.079730168706135	26.165501712069442	59.415295833333325	10.644933333333332
807	38	6.672287942150322	70.88100254767897	66.06181414849124	59.41045000000001	10.631807894736838
808	47	6.420466755920546	41.970956134477944	32.53809879054171	59.415665957446805	10.643448936170213
809	31	6.569969429156511	50.91757905000168	40.17437487676983	59.4138935483871	10.640345161290321
810	45	6.5888521874743535	59.88863417524294	48.985452586154	59.41264	10.638462222222223
811	48	6.483276223543041	25.714599874968087	18.834251557681227	59.419983333333334	10.649570833333334
812	66	4.618741390023923	32.2856827715533	29.989372476489166	59.424498484848485	10.648636363636365
813	66	3.08192809821256	27.50005521986236	26.54912823801658	59.42723636363636	10.651651515151517
814	58	3.6039273352949532	19.493174110278403	19.493174110278403	59.42563965517242	10.65251551724138
815	57	4.812849910879056	20.3511921383693	18.571546406524078	59.422949122807026	10.651136842105263
89	77	1.469174346789626	0	0	59.491333766233765	10.378320779220779
171	22	1.8616027746769397	0	0	59.327654545454536	10.513822727272725
200	83	1.1451871766876593	0	0	59.490840963855426	10.326349397590363
