541	6
0	14	5.7259678497199955	117.84930839864262	115.1463033186418	18.965092857142857	70.14230714285715
1	28	5.341441210435688	6.2003880283459125	356.19615583200795	17.961675000000003	69.55354642857142
2	55	5.349764301701928	352.8814663704577	7.734016156980431	18.855485454545455	69.67143818181817
3	119	5.816258481179196	356.97526240122784	3.9308946784110503	19.055221848739496	69.73444453781512
4	130	5.720854790472376	354.8383638451937	5.762564949868306	18.119483076923075	69.45915153846153
5	41	5.799681786673149	2.340205351556108	354.90876176293534	18.877665853658534	69.62478292682927
6	60	5.285820219371944	354.6807704744043	9.080739012901063	17.982314999999996	69.59485666666666
7	31	4.102480287138235	352.9273640639669	7.284365489333766	18.94338709677419	69.63160967741936
8	22	5.438965246423199	356.13221993808764	2.0696594871502043	18.913863636363644	69.60665454545456
9	75	5.863961909193292	224.770867989896	224.50123515389117	18.075285333333333	69.80978933333333
10	30	5.156068456995772	232.83767959188975	232.92316095760685	17.88216	69.74051333333333
11	34	6.0311007199910005	235.7020159808218	235.5772243827626	18.13960882352941	69.75237352941177
12	15	3.644480433619562	47.966565652556596	54.93494839251582	18.12043333333333	69.75104
13	27	5.279521717549825	8.340692721132882	356.0496717934424	17.999944444444445	69.59667407407407
14	30	3.1846037434597885	17.24797091979775	344.3553290862631	17.985010000000003	69.93307666666666
15	32	3.5523906500182254	346.5695706431268	16.45388494612149	17.927987499999997	69.9183125
16	42	4.0188662593474955	63.346886723415764	65.2095353146484	17.905769047619042	69.67091904761904
17	47	4.023882475573891	336.07373598668715	327.1533876847606	18.17180212765957	69.69578723404256
18	33	3.763663557630591	199.69887800217117	211.0625343005592	18.250351515151518	69.72727272727273
19	22	4.688271285258836	237.20497924105345	235.67261594927106	17.906613636363637	69.66971363636364
20	13	5.124917066278007	232.7299906717873	238.30456567727518	18.129738461538462	69.64043076923076
21	73	5.927595114132299	270.2747372661407	263.85320082084803	18.37848904109589	69.80055342465754
22	46	3.466964896998037	75.8779641893334	79.35171065275154	18.387628260869565	69.80579999999999
23	70	3.7712705864742637	62.413872760745164	57.76637339807985	18.598950000000002	69.81580571428572
24	15	3.578156386747601	210.5641202792535	235.4374058486202	17.853166666666667	69.83904666666668
25	58	3.8692742586886575	7.474685515132023	351.5703108129254	18.985170689655174	69.65700689655174
26	23	2.9804399538159543	7.624071883736292	350.37728909712854	18.962047826086955	69.64342173913043
27	29	5.623958583983337	48.719568091273516	51.765848168501236	18.24381379310345	69.85711724137931
28	20	4.904225942922945	53.60760451166186	52.748108278731024	18.097305	69.81881999999999
29	17	5.673543022664331	53.86735068862009	53.21208203004221	18.012641176470588	69.80216470588236
30	15	5.530031079472793	43.685005486140994	44.018763806128504	17.949093333333337	69.78132666666667
31	43	5.23337818922681	214.5566442642535	213.74633708039414	18.09965581395349	70.15523023255814
32	17	4.953349163586181	38.172048468084256	39.00260305653535	18.100476470588234	70.15904705882353
33	28	2.9442898795578603	5.251937509309016	349.47902644468667	19.01962142857143	69.68618214285713
34	114	5.136757579395729	4.182117320093823	356.6162153498475	19.045715789473686	69.70297192982456
35	76	4.410669625254023	54.67676228065926	54.93832471832002	18.49600789473684	69.89754473684211
36	37	3.6577385041469377	338.42953557263434	340.68569508404863	18.63818108108108	69.84630270270272
37	46	5.340403137549399	33.583855313598235	30.681077968700322	18.722276086956523	69.97901739130434
38	65	5.8118575780051795	38.52458261221739	43.1252275097483	19.023386153846157	70.07768153846153
39	66	5.679411884569956	69.53987082430444	71.46467266053219	19.15317727272727	70.09417272727273
40	16	5.3835074406696934	23.756982466694694	30.305361018141355	18.7798375	70.010025
41	39	5.628468734565526	42.536103022357224	48.28185362120189	18.832048717948716	70.02705128205127
42	50	5.376924951727762	53.1332122425913	47.75928494066318	18.922668	70.04065599999998
43	22	5.404321856876153	129.92909248702563	128.93255220703617	18.246486363636365	69.98260454545455
44	17	2.450933865348527	329.95583148607966	15.768402429901926	17.912029411764706	69.50634705882352
45	48	4.974968257880173	210.28466364918663	212.65799725987026	18.717816666666668	69.97828541666667
46	14	5.958789129694404	267.63493199197984	268.1519230428273	19.263292857142858	70.09589285714286
47	49	4.641215738033963	39.70887484759237	39.66777429951924	18.185363265306123	70.14978979591835
48	68	4.837301836327324	221.02220305288265	216.98409759973194	18.815352941176474	70.0215294117647
49	68	4.866588593819006	228.92721803436277	231.86507143507143	18.92649705882353	70.04144558823529
50	33	5.003405656734043	252.12217875202842	249.82763041766967	19.17413939393939	70.09582424242424
51	50	4.912522260591292	236.756870797327	232.4344873532799	19.049172000000002	70.08504400000001
52	19	4.882577248148543	247.2928356180435	248.53878918350753	19.116089473684212	70.09176315789473
53	28	4.7171920753392556	82.89239554732075	84.32903928386986	18.154025	69.95803214285715
54	42	3.674143710900659	66.35983693000321	67.43624770962515	17.973704761904763	69.62806428571427
55	59	4.478139068032164	227.8703373054696	226.2824620476697	17.968130508474573	69.62726440677966
56	103	5.627885721683525	206.93727536989806	214.87230878098413	18.617363106796116	69.82331067961167
57	23	5.89610815500423	171.03636828300387	165.73564507507922	18.62765652173913	69.86064347826087
58	14	4.341426676296424	58.17706027243503	52.405121828710776	18.06704285714286	69.9993357142857
59	22	5.4264631473055225	97.69273816733505	100.57030094677106	18.115118181818183	70.00989545454546
60	20	5.115855847975547	104.81809812183991	98.495403573717	18.28574	69.94760499999998
61	64	4.2724860261624515	79.97487061707488	70.8260779568912	18.999721875	69.52622812500002
62	47	5.472773666007343	86.52652395160283	89.03098188104696	18.5093914893617	69.94082553191488
63	38	5.487499761239505	89.64704520694829	86.87609515228655	18.414718421052633	69.94378684210527
64	17	3.493861006073776	133.24381440165814	128.52081079832232	18.030188235294116	69.97252352941177
65	18	4.03219409415176	300.66970249908866	303.34656020965116	18.239872222222225	69.97890000000001
66	21	3.6112093317852727	260.2888547491154	257.8282937226501	17.97757142857143	70.10828571428571
67	26	2.8228018962578627	257.07640243575395	257.56603330664996	18.809223076923075	69.6747
68	13	4.355565723933841	165.90011217698247	165.45577505936785	18.91059230769231	69.57010769230769
69	19	4.222916956076352	291.9838184981687	292.4191638688849	18.319110526315786	69.96106315789473
70	17	4.089350681708765	81.55712175504618	84.91573035049652	18.813982352941174	69.67564117647058
71	54	4.22822115955404	241.28403292907768	251.6841069942647	19.004520370370372	69.52582407407407
72	25	3.9951325444565633	283.96442555430013	287.3274206363267	17.973696	70.0892
73	39	4.269756099174729	284.0895384096968	284.3744995449576	17.922441025641024	70.09384615384614
74	20	4.415042069209331	292.92405923824526	293.1012622694959	17.99584	69.96982500000001
75	45	6.132442990736924	263.89669980699193	258.66782533290717	18.141935555555555	69.95495555555556
76	13	6.166498221946494	201.93556643707274	193.03082081804692	18.62725384615385	69.89863076923078
77	15	5.66040002613885	291.51176459585656	291.2257164564925	18.645173333333336	69.91822
78	21	6.35405438624688	270.3883948008364	271.4018272327466	18.29834761904762	69.94416190476191
79	18	6.4298284321250065	275.1122042842282	276.9502894136306	18.238722222222222	69.94907222222223
80	21	4.218960601543174	108.74747347342088	110.68030181239465	17.936400000000003	70.03787619047618
81	30	5.249155101209709	288.052853206357	285.5677129421158	18.69524666666667	69.90656333333332
82	18	5.18053492242734	285.6523550354864	281.76964995430706	18.566633333333336	69.9330888888889
83	40	5.9123712092793905	274.0363008652491	270.25972280180065	18.517764999999997	69.938445
84	24	5.617345313785248	264.8033070064937	264.0561319221472	18.449391666666667	69.94104166666666
85	15	4.221238048392258	107.94690309909481	107.36059107525091	17.962619999999998	70.05351333333334
86	25	5.05999940874803	290.45147887494505	290.3867983785519	18.747192	69.897304
87	21	5.4982161782346815	305.2271325483027	305.0881577861028	18.850190476190473	69.87063333333333
88	13	4.944073351262973	292.4741861683767	288.38535460897214	18.77649230769231	69.89154615384615
89	59	5.660007852601246	297.725988613598	301.1111335198286	18.89370508474576	69.85527627118644
90	31	5.473190421933227	303.6797148951392	299.44289101103186	18.811216129032257	69.88356451612903
91	18	5.520641911909575	297.3015862579408	292.713946345547	18.796238888888883	69.88716111111113
92	34	4.127161048022288	307.9221824537634	308.00896240675513	17.924088235294118	70.03295882352941
93	25	5.769878222411355	319.9669952814241	317.45416599216935	18.9919	69.826492
94	79	6.098783375016644	308.6115552327957	302.6278891275824	18.970762025316454	69.83630126582278
95	66	5.513858982959599	327.76991957470926	322.0980289833928	19.024830303030303	69.80685151515151
96	20	4.99045695882434	318.06040154371385	321.30085834691744	19.011274999999998	69.81439
97	53	5.766031467827624	337.4979403174689	331.3639595282925	19.063945283018867	69.7736075471698
98	71	5.314863069614231	324.8578435576642	327.7259319137264	19.043391549295773	69.79024788732393
99	14	5.226184911456746	340.5187671719974	336.5689342292251	18.923921428571425	69.52077142857142
100	16	5.66590506096165	341.76368192163227	341.72775837253505	18.935737500000002	69.48969375
101	17	3.804558149912872	76.17304979608491	75.51095272466813	17.91878823529412	70.09690588235294
102	43	5.443041919563253	317.5224129294539	317.73259468535474	18.996241860465116	69.43296279069767
103	13	2.5298963498155533	114.84491202280378	125.96289915209638	17.993576923076922	69.58185384615383
104	134	5.550654364949271	327.8162634566363	333.8430126474812	18.953302238805968	69.4585962686567
105	16	5.633754874306447	316.2766384268499	318.12300223773565	18.9722625	69.44523749999999
106	13	3.435809233397347	54.61773306212166	55.39506297983337	17.929130769230767	70.07054615384615
107	50	3.822831369321206	323.51137144052734	330.1592376062946	18.09254	70.03911
108	13	3.9843392310961656	65.83688138558841	63.559399892302395	17.928653846153846	70.0853153846154
109	24	4.815207714214105	346.18696882758394	350.382243966984	18.871733333333335	69.61235833333333
110	65	3.3699878616194345	51.16891725844545	55.12397148229303	18.092687692307695	70.03577230769231
111	26	4.076221001797186	48.242028084292315	58.567026638588345	17.986903846153847	70.09311923076922
112	21	3.759078810277046	80.54549810732686	84.98509873310809	18.016457142857142	70.10127619047618
113	30	3.437937435483904	285.23432590230016	281.73468283326787	18.055150000000005	70.09523333333331
115	19	4.206732325259983	46.93479612187798	44.65461883278573	17.85975789473684	70.05103157894736
116	15	3.4112753797800366	38.01247084274496	40.32974598886295	17.875233333333334	69.93714
117	38	4.239616492900194	85.06320948234958	84.36407984581587	18.064671052631578	70.05562105263157
118	22	3.5433027243359665	78.49190804740749	61.41248205673247	17.954127272727273	69.96285909090909
119	15	3.753333457674776	92.80814297110499	88.45221607438236	17.86212666666667	69.92073333333332
120	21	4.15507487743159	68.95954778755458	65.17139578546278	17.939061904761903	69.90382857142856
121	40	2.4373601433567167	299.02443388179205	309.1235154713286	18.0216525	69.50972750000001
122	52	4.3555701392846125	172.65208889546432	186.22491375474107	18.09184423076923	70.06356923076923
123	20	4.22810190672474	324.50579460879777	337.54601956878577	18.086190000000002	70.06312
124	14	3.3422015707171626	187.4478092371019	194.84139636310618	17.863442857142854	69.88012142857143
125	52	3.5641643661294733	53.920209978000855	67.70321548489159	17.86029423076923	69.88234615384616
126	24	5.277639273649474	309.8776611592434	302.8081762395999	18.040775	69.51349166666667
127	77	5.291869850893583	333.9596364134066	329.23304862357037	18.087566233766236	69.48817792207791
128	163	5.751648117926382	348.37947865249083	352.78598908254884	18.119168711656442	69.45313742331288
129	24	5.867214624729968	348.3459544127639	345.7376547455471	18.12135	69.43837083333334
130	154	5.719082004583467	347.93801670990365	347.86669421606393	18.12219155844156	69.43272012987013
131	13	3.458176551934267	127.71392378646624	131.3685340095716	17.861553846153846	70.03368461538462
132	55	4.004045236698966	295.76028502243224	297.2531592984617	17.913292727272726	69.9748
133	13	4.066500177309984	26.840946864337752	32.575818854117074	17.95563076923077	69.99106923076923
134	14	4.612262901347644	46.95038768811639	37.04404052500763	17.969207142857144	69.98090714285713
135	27	2.8712194097541675	302.2673431623734	292.1309677327674	17.991696296296293	69.58235555555555
136	13	4.304035753991472	85.92606049206279	74.05913112149005	17.965976923076923	70.00486153846155
137	18	3.5413321710012697	118.25077620365607	131.792877468386	17.894744444444445	70.02786666666667
138	48	3.765855890496488	303.52630215445856	304.29606397858106	17.942197916666668	69.9976625
139	43	3.7065624294938386	297.45885041126536	301.913436262552	17.87133255813953	70.00195813953488
140	29	3.973526242995522	304.4622345652218	308.08317798803125	17.88635862068966	70.02063103448276
141	168	5.257156099492348	152.71143399746927	147.96602967306313	18.94981607142857	69.46041964285715
142	56	5.280288692211038	138.86999982475822	138.99333825954795	18.989676785714288	69.43491964285714
143	42	4.610226572411488	80.77344320826717	78.0002483144325	17.90859285714286	69.98748095238095
144	48	4.321958879589198	122.42611480342731	125.29763032191522	17.89026875	70.00287916666666
145	15	5.542452894202242	336.44380155760183	334.85346570466476	18.912213333333334	69.53592666666667
146	111	4.434831299084141	33.72510416985938	38.30049464184259	17.898726126126125	69.91328738738738
147	44	5.039935062460257	54.863637557594075	66.42366521238642	18.66952727272727	69.90135909090908
148	67	5.0671215347698375	350.57671696473426	351.5617792576179	18.911682089552237	69.59179850746268
149	114	4.460542712687382	219.43855501994324	219.35346559213193	17.90630701754386	69.91121578947369
150	19	2.7800486964908044	216.1603574481079	214.15756998756135	19.068336842105257	69.6968052631579
151	64	5.285624667199625	152.70605130258332	156.08391672447306	18.909795312500002	69.52325156250001
152	26	4.695663232601647	161.0950407104417	161.68423859555242	18.929230769230767	69.49848461538461
153	34	3.821173459053345	88.3450718484662	102.2241286881735	18.02779705882353	69.51543823529413
154	22	5.088444827989053	152.35721798693578	156.35248255219835	18.08461363636364	69.48653181818183
155	20	5.366118772645679	143.05747198978963	149.38605953192587	18.076165	69.49459
156	57	5.245644178721515	340.46031902419867	343.25807418874115	18.91174385964912	69.56172105263158
157	52	4.7202519039320885	33.99213030383828	41.51987981190416	17.971417307692306	69.93835769230769
158	13	3.546160796495197	288.9448850675832	305.11418659319804	17.95618461538461	69.9317923076923
159	54	3.744123080540432	216.9544468440208	224.54054510133537	17.986244444444445	69.93652592592592
160	39	3.2702019611830258	123.03904249388091	136.9482241959475	18.000892307692308	69.94324871794873
161	24	5.1328362172879975	124.27789317794873	123.1738671549167	18.861445833333335	69.86621666666666
162	19	5.38166430037551	129.1098365637448	126.41782020935216	18.84027368421053	69.87358421052632
163	22	4.460415297359151	115.83555736455855	122.61940401887983	18.813895454545456	69.88199545454546
164	17	3.440699825646954	109.57022384094796	111.87421989123806	18.785823529411765	69.88825294117648
165	14	4.897095880827087	353.80031892978764	346.63436584876547	19.040614285714287	69.69839285714286
166	27	4.6047496046003245	353.99295381684743	351.85909096214533	19.047829629629632	69.7094148148148
167	76	5.764515807376501	354.7174140518425	355.2633376557479	19.054178947368424	69.72733289473683
168	16	5.395196272808546	5.351493301143535	4.301023941557446	18.8649	69.6076375
169	25	4.754236758811922	294.1801841512099	297.74453981021776	18.074436000000002	69.53270400000001
170	37	5.246742293319071	312.0349740592418	312.38959441194527	17.95361891891892	69.57166756756756
171	77	5.57768367186338	313.96025083473666	314.7508070434144	17.85295584415584	69.6156142857143
172	43	5.530508245787234	313.98018323559944	312.2398225668076	17.905062790697674	69.59197209302326
173	20	5.531273648240514	313.5080450232256	313.520352050689	17.881400000000003	69.6028
174	20	5.5354964725367815	299.99586341732385	302.65278441506695	18.03286	69.543705
175	72	5.3989321541373165	307.06936008637206	309.4419656289182	17.995822222222223	69.55542083333333
176	17	5.317710865264637	144.3476966320277	148.181687479603	18.882164705882353	69.54925294117646
177	46	4.981505660681624	211.2573088574706	193.62713876416382	17.94354782608696	69.59799782608695
178	13	5.492992667851015	133.83624986076245	134.00063095439464	17.90536153846154	69.58982307692307
179	21	5.196739122810005	134.3552263489952	133.9033631372772	17.89414761904762	69.59403333333333
180	15	5.515573209747289	137.58560727134477	134.8128910455152	17.86717333333333	69.60653333333333
181	15	5.528628622788204	3.9574047162764714	4.669435081207553	17.974466666666668	69.58822
182	53	5.220659279634357	15.055378085885877	6.5181878254779235	17.998603773584904	69.5953679245283
183	82	5.28432383356618	181.86453692507914	192.81621875377988	17.999931707317074	69.59669512195121
184	17	5.005480651948265	135.57054722770852	135.57054722770852	17.849182352941177	69.6143411764706
185	18	5.035787315833566	137.1728039365836	137.1728039365836	17.849061111111112	69.61864999999999
186	72	5.169776286672956	194.1567299648987	189.24456160224148	17.978031944444446	69.58122083333333
187	60	5.67319394129218	9.473137242332655	15.156501550928908	17.976648333333333	69.57894666666668
188	20	5.54762915430352	4.81633595443185	5.334786583024311	17.965149999999998	69.56795500000001
189	28	5.459384878666272	4.811379623528978	4.095759554160907	17.95313928571429	69.54995714285714
190	109	5.188893371391593	203.617437294015	191.55314512006507	17.983251376146786	69.60050458715597
191	18	5.49274990670992	4.655758863746314	5.530527770769936	17.96122777777778	69.56317777777777
192	15	5.313168423100886	4.489239393970024	3.8517493577989512	17.95924666666667	69.55902666666667
194	31	5.241387687275204	185.7534055861379	184.57373488839733	17.962793548387097	69.56751612903226
195	22	5.6145277018521735	20.117058145954275	28.90585400311022	17.984963636363634	69.60092727272728
196	33	5.623693926980517	5.911797091382368	22.30770756718681	17.983039393939393	69.5996696969697
197	64	2.291266624435595	179.8807701518	180.14341478126698	18.0349703125	69.60867031250001
198	26	5.051018186899147	222.662263157435	208.8610615648248	17.992688461538464	69.60501923076923
199	24	5.304486845719989	236.7073347478415	221.2318296537584	17.995533333333334	69.60592916666667
200	14	5.330460720080509	6.2429192016661545	5.256715647596764	17.94617857142857	69.53848571428571
201	28	4.948614366423824	187.11104474699926	177.3167018239851	18.00234642857143	69.603525
202	17	2.0264008851598914	305.310228566565	340.5647085906157	17.90993529411765	69.5057882352941
203	28	5.514346066569336	183.55257435322505	183.73193449835642	17.950846428571428	69.54797142857142
204	19	5.580241507992748	182.9971931743561	182.8704050636762	17.957263157894737	69.5587947368421
205	24	5.310608649600356	184.26561690807617	184.04030206068296	17.954716666666666	69.5540375
206	17	2.662399199211284	158.7370336882965	188.3472883507322	18.036123529411764	69.6091
207	25	2.5582538748439942	129.52596884801	167.52134652498512	18.035596	69.609628
208	23	5.5676996593221135	8.27352655621354	4.679291148940422	17.941191304347825	69.53179130434783
209	34	5.44319003133891	8.765778883262271	5.263696629107926	17.939058823529408	69.52866764705881
210	29	4.919168699935047	203.64267918986874	188.3651076990263	18.00376896551724	69.60506896551725
211	58	3.3134933932669415	298.03055774227414	298.03055774227414	18.03218103448276	69.60847068965516
212	18	5.430782419714479	182.9974798850773	183.7184940694494	17.947055555555554	69.54182777777778
213	21	4.988183657014391	233.61266800117536	220.29809216350606	18.010833333333334	69.60783333333332
214	30	5.592546437975853	182.77231411952988	184.81478503248948	17.94425	69.53648333333334
215	31	5.414575615805656	118.45189609081672	116.46050558877107	18.913951612903222	69.85026129032259
216	17	5.229658828583608	12.10493420856551	8.27417473539822	17.92804117647059	69.51623529411764
217	28	4.94619536185879	126.51269724518897	123.82336362835474	18.028950000000002	69.53836428571428
218	20	2.9012633293309777	250.32763140956666	250.32763140956666	17.912070000000003	69.505445
219	23	5.359815659706227	7.407001503693095	20.986432882808515	18.003665217391305	69.60465652173913
220	24	3.9761917426677464	63.37883448269821	63.37883448269821	17.91275416666667	69.50690416666667
221	13	4.529910979784409	43.9899094936809	43.9899094936809	17.914646153846157	69.50713846153846
222	32	4.348815125403787	295.4944207904401	277.77435381708347	18.029046875	69.609271875
223	19	4.398871252485639	135.4525988857131	134.52693725651454	17.93222105263158	69.57684736842104
224	13	4.92661698745586	132.45482976351025	134.6565376655039	17.91974615384615	69.5811923076923
225	13	5.110338629470103	129.32746075219268	127.02690650674964	18.016246153846154	69.54685384615385
226	77	4.867193313246562	256.3521166583191	240.27545555769686	18.019827272727273	69.60948571428571
227	25	4.770265596039944	281.04560086379706	262.5641368989378	18.025916	69.60966
228	14	5.800856107998702	183.44422835110598	188.47687607774276	17.93894285714286	69.52842142857143
229	17	5.72842407469952	57.92762980840928	62.9598599148344	18.009052941176467	69.60795882352942
230	14	5.7328665203395275	183.38973411487305	188.93707999729943	17.938178571428573	69.52724999999998
231	17	5.650884348586454	184.99082153345273	188.72671551331564	17.93716470588235	69.52598235294118
232	20	5.218573362069397	26.40478500462075	40.0521624400817	18.007430000000003	69.60682
233	25	5.508697897193125	40.15084416137063	56.05195493230582	17.99766	69.606216
234	17	5.760195527960253	29.397114197739086	37.349471837343344	17.99429411764706	69.60525882352943
235	25	4.923779830445867	132.52138256616246	129.59947779882862	17.996352	69.55458
236	24	5.351115311626013	134.02885663147595	131.25433469980425	17.977979166666668	69.55587083333333
237	17	5.589422738329104	186.46337073608092	189.70187956787282	17.933747058823528	69.52210588235295
238	20	5.638774193658724	187.7208334858795	190.07073318366332	17.930895	69.51896500000001
239	48	3.934794471919813	76.38135712537218	107.29578446485334	18.03335625	69.61021875
240	24	4.187309907363377	59.48325603575364	39.91537445684929	17.916283333333336	69.50732083333332
241	16	2.9689840942627175	238.45992009942842	267.6237066628022	17.913525	69.505325
242	53	2.840861163009521	341.8912854983823	338.0155329457283	18.989716981132073	69.67222452830188
243	66	4.9719897702619384	22.227444189058588	10.833786552808476	17.921587878787875	69.50986818181818
244	38	4.54306722449545	42.09613074763979	23.019303988463832	17.917794736842108	69.50794210526317
245	56	4.98163662740344	68.62997564071338	77.7490301214765	18.027960714285715	69.61003035714286
246	83	5.565037822585246	59.6464706734032	69.0217408473016	18.018874698795184	69.609321686747
247	41	5.071471830624181	119.18657995269314	115.24087806100647	18.058058536585367	69.52967073170733
248	17	3.697749201494456	210.63659286796687	237.88112598674888	17.916194117647056	69.50589411764706
249	63	4.7329010021993785	195.77452733830052	211.90215640118194	17.918419047619047	69.50673492063494
250	15	5.650948723359778	189.0462151851638	192.98568393234018	17.9244	69.51178666666667
251	38	5.543616719884209	190.48011845790455	195.98098452478564	17.922184210526314	69.50981315789474
252	51	2.2635237601630123	340.8226969183192	330.4481445268266	19.019213725490193	69.68826666666668
253	13	5.242833274807917	117.15495041952073	117.34794592281105	18.939700000000002	69.84366153846155
254	36	5.748690936483613	151.42701695304174	147.15747562429146	19.040502777777775	69.79191388888889
255	43	5.581769466308113	140.3505676093506	148.21176402343326	19.027339534883723	69.80510232558139
256	19	5.745163351801588	141.7052419169023	135.38325184350657	19.014473684210525	69.81181052631578
257	22	4.380169329078112	130.4237115294161	135.47331646108364	18.981854545454546	69.83089090909091
258	21	4.7040289833796765	117.6538920508051	124.39120969745852	18.965123809523806	69.8373142857143
259	40	4.903521209307212	155.4183599338587	163.92846400340318	19.0653375	69.771645
260	47	2.0022925145179493	347.2276963987226	348.02079788957013	18.94404255319149	69.62845319148937
261	34	2.9674601155539637	165.59477340665808	163.8958041323259	18.988611764705883	69.67463235294117
262	16	5.365403361745875	272.5106948498459	279.1037497374941	18.186643749999998	69.50798125
263	33	5.498424841054411	35.00856352963177	35.42709284898723	18.991584848484848	69.71908484848485
264	30	5.460501009637716	38.5025928362067	36.99541448634545	18.975653333333334	69.71330666666668
265	23	5.128788395260748	43.283462288471696	37.49308223705401	18.95736956521739	69.70753913043478
266	15	5.509147117005325	44.7427141859352	40.952326832489405	18.94928666666667	69.70525333333333
267	72	5.167580203064957	35.285020211892515	30.407097649434547	18.88784027777778	69.68597083333333
268	81	5.700997417767779	29.149744966887	34.372830463068965	18.87049259259259	69.67972469135802
269	55	5.526917579100894	13.25404653910914	23.217034417294258	18.859092727272728	69.6743109090909
270	68	5.821591755218471	31.344387142004734	36.72410460822266	18.90201176470588	69.69187352941177
271	35	5.5648805949629345	180.70571927328507	181.49272003836742	18.869431428571428	69.61537714285714
272	54	6.014577073724777	38.479975478095184	46.01484757763723	18.923124074074074	69.69877037037037
273	29	5.708423053272389	37.36040147873274	38.449420231926354	18.915179310344826	69.69627931034483
274	39	5.357898281858803	208.72331100510905	208.81446504026886	19.01883333333333	69.73323333333333
275	25	5.284966632934394	209.64991894416957	210.19160996572174	18.995552000000004	69.72288400000001
276	16	4.813049721947957	291.22430218789134	292.5510710785413	18.1010375	69.52624999999999
277	81	5.7900752583135295	169.7675739363159	174.50634945570073	18.87702962962963	69.63568024691358
278	31	5.600232020929189	278.6985700304176	283.2073927829514	18.159309677419355	69.51607419354839
279	13	5.269098899813648	287.359137879198	290.78977372088326	18.12833076923077	69.52153846153847
280	161	5.333497193672467	150.71853953735013	157.13193527744295	18.87044347826087	69.65668322981367
281	26	5.771751713336583	213.79850958920895	216.35296191297837	18.974796153846153	69.71435
282	76	5.367889398647664	217.77396578259328	221.21258740935855	18.95365263157895	69.7070552631579
283	85	4.988146646005876	216.13012023003105	210.11153003649574	18.89828	69.69055647058825
284	65	5.490449571113839	209.45197053409822	216.43542514285008	18.88654153846154	69.68549230769231
285	47	5.165057576566786	222.74597380501993	218.1537516030697	18.921727659574465	69.69818085106384
286	13	5.235753260376659	218.7411376381535	218.19899682552884	18.91236923076923	69.69523846153847
287	60	5.409091793822811	212.57661639944993	204.93760201897902	18.866318333333332	69.67838833333332
288	24	4.131890355068596	100.3063495097519	86.84534129011456	18.909741666666665	69.62281666666667
289	51	5.510435571471917	186.63018260712164	174.35640075985305	18.855890196078434	69.67156078431373
290	17	5.500538432561861	156.08634133773614	147.24103956363444	18.856676470588237	69.6679294117647
291	38	5.550658374765443	251.74765707028416	254.52315933767005	18.258994736842105	69.51347894736843
292	31	5.487854911366971	254.15170632429562	258.11409910347334	18.230187096774195	69.51257419354839
293	45	5.408279325880588	261.88111528857786	267.9947433909739	18.205915555555553	69.51199777777778
294	37	5.709530329697401	70.90538853885982	69.82047567390737	18.31176756756757	69.51575405405406
295	26	5.437454343640482	72.36263986240908	71.13109942347296	18.25525	69.51185769230769
296	20	5.4820050619043	102.92653975729911	98.76922253886096	18.156129999999997	69.5138
297	28	5.621036489852727	85.85055874368703	80.08102285650443	18.202414285714287	69.51105
298	16	6.076615069636144	89.73820460894876	83.71106675305327	18.18496875	69.50904375
300	47	5.655601911536678	353.1155418338867	348.5757116594969	18.87805319148936	69.6347255319149
301	15	2.0543388920412435	266.6748353592823	299.644066455391	18.9628	69.64492666666666
302	38	5.584926570688491	68.86650129906928	68.20337743262462	18.34362368421053	69.51821842105262
303	169	5.613764048926335	166.1597383405333	166.1597383405333	18.119691124260353	69.43272603550295
304	13	5.59625532301014	323.3047904312898	332.13869878539725	18.857576923076923	69.66733076923077
305	34	5.309012236579161	335.7058514095135	349.18090925800277	18.855997058823526	69.66949117647061
306	15	5.594915539191475	337.9680733943981	332.2552132171244	18.871066666666668	69.65641999999998
307	21	5.952934312439923	329.97498872592047	323.9396283897632	18.866804761904763	69.66129523809525
308	62	2.832967020077205	324.0364999889759	301.8356926546808	18.980496774193547	69.65521935483869
309	63	5.628662473820017	68.9842084810191	66.60576266697126	18.37712857142857	69.52055238095241
310	22	5.20387631759423	248.5574089112293	249.62771803497625	18.315618181818188	69.51696818181819
311	21	4.947913692024416	246.90916970431175	248.5938959865055	18.33789523809524	69.5189
312	26	4.410231646656763	301.37539549476	313.333696100647	18.89600769230769	69.6254346153846
313	44	5.040541440084155	9.605582694735688	8.468774554666652	19.06080454545455	69.71451363636362
314	28	4.959525739863681	255.0753678504973	245.63014240675716	18.821939285714286	69.56832857142858
315	28	5.846174821629801	66.02213587224509	64.76986845781403	18.411360714285713	69.5235857142857
316	28	5.13151832876587	179.00583125414255	176.52707518342527	19.05325714285714	69.73355714285715
317	23	5.646101883683908	65.83639033018864	64.69814466419871	18.448317391304347	69.52773913043477
318	20	6.20548029824686	53.24259875970222	54.221628826875644	18.195784999999997	69.48229500000001
319	15	5.991505401614061	53.16219869248579	53.22946721807244	18.1846	69.48065333333332
320	22	4.843046133111525	226.6776201411285	225.10320840541422	19.19729090909091	69.77129545454545
321	26	5.030730888978032	245.9316986263065	248.0963512522806	18.369988461538462	69.52107692307692
322	44	5.689918421493562	57.11239743535742	57.040386730412536	19.18709090909091	69.77498409090909
323	53	5.978178394334783	49.30301012013393	53.67894270856203	18.168690566037732	69.47809056603774
324	59	5.294654136077099	45.20001414984512	46.879760290520096	19.187813559322038	69.76826440677966
325	36	5.277476743050118	47.758520035897675	50.33358675627136	19.21277777777778	69.77378055555556
326	17	5.863426025854508	57.96185930151847	58.04185684107017	19.215976470588235	69.7776588235294
327	18	5.216198453435487	225.6952408659662	223.13726723700594	19.17513888888889	69.76583888888888
328	47	5.709797243067183	56.052642958277715	57.82963612133369	19.163080851063828	69.77097659574468
329	24	4.936789936755207	223.373468452924	220.08000365896547	19.155770833333335	69.76102083333335
330	22	5.178049827670829	43.74560449964093	44.067071569080895	19.16573181818182	69.76274545454547
331	183	4.8064100684513065	208.39911860404092	201.3723640700746	19.083973224043717	69.73693114754099
332	60	6.012639369905794	56.70753238620705	55.65454323712652	19.135918333333333	69.76702500000002
333	25	5.713179808739072	56.42391537526197	56.39517279190659	19.115408	69.763284
334	15	5.211063540398106	43.383044437081594	43.97508939926223	19.146813333333334	69.75746666666667
335	33	4.877934091043589	214.63112356134775	215.85324560563157	19.105378787878788	69.74502121212122
336	129	4.819086312509072	220.01181419104498	216.25476215097515	19.124279069767443	69.75159224806201
337	14	5.395406607167465	32.42509703219571	35.22780229235923	19.104135714285714	69.7446357142857
338	32	5.679453933385471	55.180356761297105	58.426753339070785	19.26255625	69.78426875
339	122	5.482287939569869	35.01716976457402	39.11910786538351	19.119860655737707	69.75010245901639
340	13	5.897648720934835	37.60828068424428	41.98728274144764	19.133346153846155	69.75456923076923
341	28	5.537924332204328	58.018243590974066	57.12464142095587	19.243875	69.78155000000001
342	24	5.617774816492905	54.60750175781595	56.73556339696387	19.254658333333335	69.78185
343	18	5.948012264339474	11.504810027904853	18.022533056853035	19.081038888888887	69.73413888888889
344	21	5.606612548960235	59.829404258565205	59.829404258565205	19.276052380952382	69.78708095238096
345	34	5.285240302549641	58.49299903015219	58.49299903015219	19.276167647058827	69.7852205882353
346	44	5.461419212673408	21.39517692014408	28.968276520244956	19.085797727272727	69.73706363636364
347	18	5.597464284112129	28.558912990676617	32.61051126587233	19.092155555555554	69.73962222222222
348	78	6.864229014529517	10.970075468800701	18.651355675795514	19.0685141025641	69.74916923076924
349	29	7.061386029002602	35.81335285831716	44.70364867154086	18.14148965517241	69.47138620689655
350	17	7.825173355860846	23.060754182037897	31.463957271880304	18.135982352941173	69.46922352941178
351	29	5.567975920891418	178.73453082731362	180.07591926091283	19.05126551724138	69.72492068965516
352	64	5.400452437721988	239.79796332517276	238.4043918271779	19.1744953125	69.77680624999999
353	18	6.579140041437416	15.040188994190203	21.66173114602617	18.12437222222222	69.46243333333334
354	19	6.913580752606341	6.169532676718745	15.415552123086172	18.12244210526316	69.46073157894737
355	18	4.724060973065004	232.10508591786203	230.28612138782958	19.231944444444444	69.77866111111112
356	31	7.30766074803479	28.236962836709267	35.53503876954329	19.082451612903228	69.7566
357	78	5.2885300681471845	238.26736498497328	236.894435713557	19.24402692307692	69.78360897435898
358	21	5.258203095715077	238.9673772467902	235.83156905436255	19.263242857142856	69.78617142857142
359	97	5.630307378929042	236.9257358306104	234.66209515384725	19.13730824742268	69.77064123711341
360	37	5.199411083869992	228.79373995333788	227.99358089744325	19.21695135135135	69.77598918918919
361	43	4.882824949422398	240.48989977782162	240.01838596736872	19.208725581395353	69.78106279069767
362	23	7.048364205034448	48.016574637621716	55.26375745738517	19.09437391304348	69.75982173913043
363	21	6.768025547853144	36.70433819827929	47.44076803171623	19.087871428571425	69.75837142857142
364	46	5.162915641453879	183.0070514379141	183.9385492867068	19.05128695652174	69.71535652173914
365	102	5.660435777540185	239.32671464681982	239.32671464681982	19.27620490196078	69.7874774509804
366	15	5.361446274561749	240.78753121622907	240.78753121622907	19.276253333333333	69.79090666666667
367	14	6.257397273983396	239.50796762988244	238.89788811386194	18.303828571428568	69.50305714285714
368	20	5.003358691944301	245.35542736638274	246.87906863617056	18.394965	69.52327999999997
369	13	5.2634884765040075	245.14675778889858	244.14295838176486	18.38404615384615	69.52129230769232
370	24	6.3062639529595215	240.01478750818438	240.00154744687762	18.346662499999997	69.50970416666667
371	27	6.096753843947031	239.1028302275307	239.95321164010446	18.33095925925926	69.50765555555556
372	14	6.1522377896956595	240.44943731801482	239.60887085194145	18.315878571428573	69.50512857142859
373	56	5.558729067493327	239.4356731079784	239.05392177552005	18.287680357142854	69.50118035714286
374	17	5.481993046032289	234.74731489391002	228.46088387760693	19.10815294117647	69.7664294117647
375	19	5.4008545647441215	201.65200103823975	194.7134050679303	19.067847368421052	69.75113157894737
376	46	5.769598807740837	239.23582058322546	238.33715126218834	18.256571739130433	69.49703913043479
377	55	6.221590604555508	237.85931296683594	234.0582764463416	18.23103818181818	69.49304363636365
378	16	5.2331918493330285	164.76205065806857	163.93037412025728	18.11475625	69.44361875
379	13	6.876290160844519	204.27871732207123	195.6181498161865	19.062376923076922	69.74883076923076
380	38	6.435716174692413	191.0389946421721	182.61545330065172	19.060539473684212	69.74599473684214
381	45	5.797704339951398	235.03940484295543	232.6310465391476	18.203877777777773	69.48787111111109
382	28	2.2056034974670027	201.5277057474846	199.05353988931563	18.975842857142855	69.66084642857143
383	13	6.653553477581675	237.5828297529401	229.58659431935183	19.096538461538458	69.76194615384614
384	67	6.218748617300373	220.16000998003597	212.84421028711995	19.08573880597015	69.75916417910449
385	22	2.6784679546636907	227.31563249064075	219.72269190166855	18.93930909090909	69.62738636363636
386	37	5.387515319988645	168.753397927091	166.6355026278859	18.114972972972975	69.4500972972973
387	49	5.686600005378599	232.41064170232568	229.12189087758807	18.172226530612242	69.48184081632654
388	34	5.6865116565996585	54.573986497865405	55.698035890838014	18.21089411764706	69.48498823529411
389	31	5.607495307030789	58.70302890741556	58.9273235859697	18.328509677419355	69.50285806451613
390	44	5.783079096719212	58.21588211944845	59.15938337468725	18.311695454545454	69.50023863636363
391	39	6.011946864217474	59.260844833139686	58.58289244081499	18.28631282051282	69.4971282051282
392	14	6.804598342581743	55.768877352074526	59.461331720181875	18.24347142857143	69.49080000000001
393	34	5.660638195572311	54.39339198527034	58.07841173646432	18.2317	69.4888705882353
394	24	5.29233925657499	226.3348146212935	220.35204010060085	18.152679166666665	69.47625416666666
395	25	3.971854769555412	54.07962001815366	45.181013179530794	19.007364	69.6792
396	70	6.193962670358688	220.1298769873987	212.23581153810474	18.13809285714286	69.47323714285714
397	22	5.366396547844794	206.62498615152845	199.13742553369116	18.125986363636365	69.4683909090909
398	81	5.799079413082183	239.85092749394386	239.8287476139971	18.37070864197531	69.51249012345679
399	27	5.3967730003683	243.17830130528557	243.82519986448904	18.445918518518518	69.52784074074073
400	21	6.016307335174154	201.19116813177348	193.62756304680178	18.118366666666667	69.46313333333332
401	13	6.0260092126668985	198.0373656127235	186.76660058066105	18.115115384615386	69.46113846153845
402	39	5.70969977734847	185.5515803040907	175.7402042290705	18.1134358974359	69.45873076923075
403	22	6.453144059129699	173.50993683246338	166.1379377146801	18.112954545454542	69.45610909090908
404	17	5.700020188886096	60.26189696068354	69.9133050545588	18.820076470588237	69.56770588235293
405	13	5.561956236271238	81.48244320006785	91.7561450153292	18.8303	69.56790769230768
406	77	5.427270105267399	26.741180369969925	24.696869504679285	18.88211168831169	69.60021038961038
407	52	5.4779926205880605	24.50083990154593	24.70986286390206	18.91020384615385	69.61517115384615
408	50	5.602475840952922	25.718769037473237	24.606276598440616	18.898376	69.608562
409	32	3.1229357448950292	203.6074440343489	213.55037813434498	18.980534374999998	69.6577125
410	74	5.8171950937627885	59.03326909593278	58.97216728899764	18.410164864864864	69.5144108108108
411	15	5.835213635548646	59.186553254841556	59.20266334340397	18.38577333333333	69.51077333333333
412	27	5.939360745189856	59.54350954008851	58.53665444981732	18.375181481481484	69.50939999999999
413	13	6.263455247180501	59.845279520624445	58.57231845028156	18.35776153846154	69.50736153846152
414	25	5.960164599028328	59.28484025617706	59.736319244317485	18.34546	69.50582800000001
415	56	3.282417380805843	35.90639064321948	27.533609263847666	18.981366071428567	69.65820535714286
416	20	4.972728941035719	24.295546943259694	24.14169782196177	18.920935	69.62062
417	14	5.9247895314580585	59.60455391691664	60.02740962197697	18.436457142857144	69.51792857142858
418	28	5.625941789078557	60.00511431674482	59.78025005051535	18.462278571428566	69.5226642857143
419	21	6.270117864301615	59.90679064576801	59.76902758461131	18.451161904761904	69.52108095238093
420	18	6.141048163480267	60.452972616024056	59.948479580955905	18.513633333333335	69.5290111111111
421	24	5.945368952959746	60.4208942240183	59.99922081348757	18.502975000000003	69.5279125
422	15	5.572191359431632	240.76657384802382	239.3497646308016	18.396966666666668	69.5169
423	55	5.79034602728852	240.20769423120686	240.03131409768343	18.42611090909091	69.52082
424	20	6.065169434478127	240.06362691135587	239.13176298067194	18.409455	69.51806499999999
425	17	6.099476898056788	17.853221851003866	17.440199593671537	19.005100000000002	69.66915294117646
426	21	5.596889184217614	18.124184040464286	16.657576102541555	19.012947619047623	69.67463333333333
427	20	5.889962286144543	241.3479596935498	240.42459388927898	18.4428	69.522765
428	20	5.239964224463807	240.77820215506983	241.76627667148534	18.452464999999997	69.524555
429	13	5.381823507699623	18.868895581815252	15.129027740531626	19.0246	69.68273076923077
430	21	5.492008268627055	244.19809409120916	244.3868228002742	18.48388571428572	69.53219047619048
431	125	5.896519505529679	33.66128806968243	29.301903875400114	18.852412000000005	69.58684960000001
432	33	5.868981337757874	240.15499931597057	240.6479111530686	18.486557575757573	69.5288909090909
433	29	6.067499440194798	240.77809504021118	240.7399119291976	18.466048275862068	69.52570689655172
434	39	5.177519071165801	17.4239316083586	13.605484481968858	19.02970512820513	69.68669743589741
435	27	5.318921102459167	17.040651040135458	12.223553049150041	19.034759259259257	69.68992222222222
436	28	5.670051511549879	13.479367180908127	7.029662240286257	19.03772857142857	69.692425
437	13	4.49737523363889	15.756313832273577	9.80831421902434	19.04105384615385	69.69475384615383
438	49	5.404322464248511	23.1796806429752	22.47249247591384	18.931785714285716	69.62615510204081
439	31	5.068407628232955	18.977199015561382	15.742702862596559	18.994574193548388	69.66125806451613
440	25	5.223911143002247	23.94383155150416	24.22761548873416	18.939552	69.63072000000001
441	19	5.628704966845464	242.56183454663113	242.75489146607242	18.518731578947367	69.5346052631579
442	33	6.1925082657981	240.817184831147	240.90826493603737	18.511212121212118	69.53127878787878
443	23	5.778719622852733	35.9657547486172	34.575278188025436	18.829060869565215	69.57933043478259
444	23	5.236914545233357	23.246027554896443	25.32427913585093	18.950334782608696	69.63644782608696
445	49	5.5090069854708315	21.79131284798899	25.582357030967614	18.94534693877551	69.63378979591837
446	54	5.671182086513703	60.554561128831665	60.094516083699546	18.540098148148147	69.53302037037037
447	24	4.557021332249379	25.820209326972247	23.450944721860594	18.9611375	69.64161666666668
448	30	4.712187016065016	25.57409895019424	24.10348790783587	18.956143333333333	69.63916666666665
449	43	5.4200042327154865	19.803604636686828	16.920730240272405	18.987774418604655	69.65668139534884
451	17	5.193333675265208	25.17094553260256	23.88281450192926	18.96610588235294	69.64418823529411
452	51	5.367711237767399	39.88806300708188	38.142236552508905	18.803182352941175	69.57004509803922
453	36	5.366354507667161	37.238648377631705	35.30074667473991	18.82045833333333	69.57471388888888
454	35	5.334533463808921	39.422373769621345	36.47780165951997	18.812294285714284	69.57274571428572
455	63	5.520181193247393	60.03194997252808	60.21665850500972	18.557690476190473	69.53556190476189
456	56	5.355891258022248	206.82187658485188	206.6155272252466	18.89476607142857	69.60961071428571
457	49	5.495720861742535	206.9956040627649	206.60502556992498	18.870044897959183	69.59794897959183
458	17	4.5266613153157165	25.67935804402083	22.447429823326274	18.9711	69.6467705882353
459	40	5.845206445711253	60.74940112305467	60.231407642775594	18.5727575	69.5376125
460	30	5.296069657853661	206.20080911883136	206.98951819478117	18.915193333333335	69.61901666666667
461	18	5.5185974690177595	206.26045437453715	207.13001958699112	18.908905555555553	69.61619444444443
462	17	4.877599917240397	21.65776181780558	16.49811204173068	18.981876470588237	69.653
463	30	4.396169951578887	23.28151198777158	18.09363658300049	18.979300000000002	69.65141
464	56	4.899688031885722	194.93021968645868	199.23449197061197	19.020076785714284	69.6819375
465	19	3.7819676484924454	180.286934284448	190.9809223817107	19.017121052631577	69.6844052631579
466	30	4.083158130648949	24.65463897404021	19.595455876329197	18.976386666666663	69.64966666666668
467	27	4.202258903133421	25.718436635091223	20.950081336397545	18.973818518518517	69.64818148148149
468	28	4.8960681115070415	180.09305326242307	184.2142237852065	19.04189285714286	69.705075
469	42	4.847386030656592	183.8033526161327	188.71155779603205	19.038742857142857	69.69899523809525
470	31	5.249779865091665	190.59202957752075	194.48708802900464	19.02802580645162	69.68780645161289
471	23	4.858764600022878	195.70566304014864	196.3257668186385	19.0099652173913	69.6731043478261
472	17	4.467770023532586	195.74416249292955	196.87085353020393	19.013782352941178	69.67680588235294
473	21	6.987336691260087	186.96578413849574	194.38085960143943	19.03765714285715	69.69196666666666
474	52	5.134428101908558	186.99528651868167	191.78301666131622	19.035394230769228	69.69442500000001
475	41	5.808113296927996	203.80153650025605	206.72838614799457	18.926341463414634	69.62416829268292
476	16	5.8996897156907515	193.42876195488623	196.32293166200216	19.00046875	69.6648125
477	17	5.295346629609419	243.64498936319467	244.26781889457322	18.544200000000004	69.53866470588234
478	18	5.568772228745636	240.28628602581512	239.84616395394175	18.53646111111111	69.53490000000002
479	13	5.37664000908825	240.95442040587514	239.8108624108177	18.55193846153846	69.53674615384617
480	16	5.895887703018918	240.27056881747706	240.63447562147877	18.545537500000002	69.53594375
481	45	5.832500512263271	59.84081283260946	60.00315855862209	18.601864444444445	69.54113111111111
482	17	5.240231970778101	60.79849520648003	59.602766034875	18.588576470588233	69.54002352941177
483	24	5.763091535306269	60.49045389810556	59.458080610425895	18.58310416666667	69.53839166666667
484	45	5.328154597230865	204.00487890010527	205.40105931437805	18.958615555555557	69.64080444444444
485	14	5.13169655343227	204.50913553969085	206.61639361584417	18.95377142857143	69.63827857142859
486	50	5.445403284908316	205.2480435852737	206.490723680871	18.946550000000002	69.63479600000001
487	31	4.807527994228973	206.8589082996937	204.33737478640694	18.937277419354835	69.6304064516129
488	19	5.7038899035736454	240.0375130638043	240.68377480990222	18.562226315789474	69.53797894736843
489	16	6.107587360400887	59.452453890251604	60.71492620073002	18.6126375	69.54241875
490	70	5.402354311706316	196.60765348027303	201.15478269183726	18.98847	69.65668857142859
491	20	6.0173960867989225	206.14640966816435	208.66560751861402	18.859984999999998	69.59265500000001
492	41	5.988558475074262	214.03068225136292	214.9314033787043	18.828417073170733	69.58021463414633
493	15	5.949560584359804	212.5246552307109	214.8549702962303	18.83782	69.58362666666667
494	32	5.377037683050197	40.35137480970445	37.606182987078455	18.792775	69.56696875
495	15	6.804193911630288	206.8688086903828	213.81479555800266	18.852533333333334	69.58838666666666
496	22	6.140935745104759	208.4120387357288	213.0582479842507	18.848063636363634	69.58791818181818
497	13	5.926097069703597	213.83766888994495	217.05485157685618	18.820553846153846	69.57716153846152
498	17	5.856936141015531	215.3237947884743	218.05123328164936	18.81594117647059	69.57595294117647
499	41	5.380583303053595	61.87407573399901	61.53502718970935	18.62707317073171	69.54498048780488
500	39	5.340884469872646	61.155210955719554	62.56555134244314	18.652441025641025	69.54853076923078
501	32	5.82722161735507	60.94030339070076	60.34493714093844	18.640046874999996	69.546496875
502	23	5.3276667825740045	202.18502702376182	207.3785528659082	18.972195652173916	69.64748260869565
503	20	5.509737467154304	202.9906591638773	206.69560006861545	18.969310000000004	69.64595
504	15	5.168957572512728	198.40536915758142	204.0475120288653	18.98222666666667	69.65294666666665
505	87	5.12470355800072	200.52610617721172	206.09792086154107	18.978090804597702	69.65069885057471
506	13	5.574633419263089	216.2531763179444	218.09977205793996	18.80583076923077	69.57232307692308
507	14	6.073771148402306	217.04917587889219	219.8162738543223	18.79880714285714	69.57015
508	22	5.977051626794526	241.26743069934594	241.60244385203384	18.574018181818186	69.54033181818181
509	13	5.064677647477718	240.01917776388626	240.8601091444892	18.586053846153842	69.54093846153847
510	13	5.442690795152914	241.7161808985212	241.56284566334543	18.593023076923075	69.54220000000001
511	21	5.368440864137309	242.38201455787708	241.61841282901634	18.613780952380957	69.54551904761904
512	37	5.660613951042105	242.14469817240405	242.19416142632906	18.602562162162158	69.54448918918919
513	35	5.688613052965608	243.1577492014797	242.91152303666354	18.624414285714284	69.54673142857143
514	38	5.59633365563851	242.96814427305853	242.62866461805015	18.634194736842108	69.54807894736842
515	21	5.8349577613324515	219.3858196454291	223.5356297548646	18.78666666666667	69.56602857142856
516	23	5.968904468068887	51.24098277535609	44.308960775584126	18.776382608695652	69.56167391304348
517	15	6.056547472881957	242.7592550596127	241.32380955821782	18.6415	69.54852666666667
518	36	5.628437116334348	242.53966700933103	242.31492436384383	18.654483333333335	69.55004166666667
519	26	6.196547300474483	60.40208412307618	66.04532488223907	18.68378846153846	69.55228846153847
520	25	6.031757894370875	219.967418202849	224.77494577123466	18.7813	69.564144
521	15	6.109170262348355	244.1896081140104	243.55209535444723	18.66396666666667	69.55132
522	19	5.480013873341241	69.22073141849137	72.35589187123037	18.70648421052632	69.55416842105262
523	85	6.19575390269328	65.33318984299751	71.00245240175218	18.694335294117643	69.55328823529412
524	66	6.050512725368299	69.24372022520623	74.12305420403845	18.714133333333336	69.55452121212122
525	34	5.884487847228263	59.74050026800302	52.83980199465384	18.759817647058824	69.55838823529412
526	42	6.215143534959881	65.66360955937199	58.60162242548449	18.749371428571425	69.55687619047619
527	68	6.015963539599392	255.98790385134723	251.22276254681597	18.69611176470588	69.55418970588235
528	16	5.845609576820392	252.87576285998512	245.76741403382945	18.68710625	69.55383125
529	18	5.7542035625792565	249.47525450645134	243.99344232036805	18.68006111111111	69.55293888888889
530	32	6.419346803278117	68.43107630862983	62.36470218476774	18.7412125	69.55614375
531	13	5.970753902602324	70.70984972639565	65.1698837435888	18.736369230769235	69.55556153846153
532	19	5.283357110010748	72.6181722253653	65.8913101829354	18.730894736842107	69.55522105263158
533	20	5.416823849585413	75.14349448974195	69.032173806669	18.727195	69.555065
534	42	5.566051262445582	256.8618048414426	251.4405951756051	18.707328571428572	69.55453095238094
535	24	6.782362241893968	223.05975764270215	229.02664671510044	18.77134583333333	69.5620875
536	14	6.3140459819149175	225.35534132955337	231.01569923514526	18.76452142857143	69.56073571428571
537	16	6.088087141233014	229.14329395440816	235.52459384313184	18.759375	69.559175
538	85	6.00203131899565	250.60356006208974	256.1707884488306	18.716809411764707	69.55469647058824
539	45	6.34412582897986	239.5803208119035	246.15700102299076	18.74123555555556	69.55650666666666
540	25	6.247838324664222	244.7074263892955	251.14367715548678	18.731679999999997	69.555668
114	17	1.7929763213819974	0	0	18.041182352941178	70.06294117647059
193	17	1.9553342321011267	0	0	17.909635294117646	69.50624705882353
299	33	1.8139302906281176	0	0	18.960512121212123	69.6454606060606
450	31	1.770524702519413	0	0	19.01560967741936	69.68844838709678
