867	6
0	67	3.294827010496234	78.81639899600043	85.8301315344263	59.66675074626866	5.91614552238806
1	76	2.806918571460845	280.2188253514544	266.22958683951606	59.667792105263146	5.92165302631579
2	34	4.224708830741518	65.71479694802747	56.207672860555135	59.520494117647054	5.497440588235294
3	43	4.729666797018867	237.04257561204633	245.6492812349446	59.521102325581374	5.4960813953488366
4	34	4.184051514072951	188.71206124623194	191.2568396557855	59.57062647058823	5.546191764705882
5	128	3.8552430547350722	65.31604880941552	47.62876948324521	59.6091	5.780930156250001
6	48	4.407039232691637	195.86551241123775	195.27208432589768	59.66562291666667	5.549518125
7	45	4.871497492522498	16.758342126721914	19.401405913110466	59.667771111111115	5.551435555555556
8	54	3.524610243391476	194.88707619912722	199.24328285162593	59.6125425925926	5.534782962962963
9	41	4.247743028615902	17.353365575293708	14.656704585781824	59.61819999999999	5.535473902439024
10	26	4.930162937395563	79.8226449931459	70.26610304298151	59.65008846153846	5.838590769230769
11	31	4.848445426619765	251.07369914398083	259.17481875354053	59.650809677419346	5.8415687096774205
12	25	5.124760767192576	139.62024758319313	139.62024758319313	59.67294	5.7007448
13	41	5.476108198477944	135.13456153737002	124.97309227678647	59.665509756097556	5.715943414634146
14	49	5.083283712565561	303.0671811283321	314.94358134241133	59.66470816326531	5.71844081632653
15	30	5.078012956746689	318.84816118765997	318.98219062312245	59.67279666666666	5.702111000000001
16	139	4.051668198164794	213.09357232369592	226.44217606382546	59.6123237410072	5.782706834532374
17	29	4.72541073111834	272.92750738909075	290.604730707258	59.64651379310344	5.793421379310344
18	63	5.282994602802782	322.2424241924591	308.9379015915191	59.65000158730159	5.7771928571428575
19	36	5.160203606239893	128.85053260703774	144.1311949455748	59.65003888888888	5.775401944444444
20	44	5.208533875217709	112.39336501234004	96.05052368521035	59.64643409090908	5.793228181818183
21	26	6.627065347553565	248.98657369218745	233.18239796046814	58.99236538461538	6.237360384615385
22	49	2.8324918882356727	354.3793689150945	354.5894507127055	58.32318367346938	6.259231428571429
23	32	3.714465730749206	172.7749018729827	172.7749018729827	58.321225	6.259819375000001
24	36	2.0840131507250077	182.95071681537127	175.96872126198332	58.327508333333334	6.258251944444444
25	58	3.297049599251439	238.48054163924968	225.46040103015596	59.31668275862069	6.4223732758620695
26	46	5.5640243562664855	333.06378168211654	321.801417789472	58.328439130434795	5.545033695652174
27	67	5.744374713384186	171.93689814167396	172.9687968909651	59.67240597014926	4.954049850746269
28	59	4.291636502656699	101.37052200539318	198.45835468281828	59.28580508474576	6.304141355932202
29	128	4.726741203436745	212.81264900562024	188.6743257652333	59.264484375	5.158955546875
30	28	5.444182193160211	356.38082342202176	5.665645991597955	59.00694285714287	5.335932857142859
31	67	6.431612077254176	184.82715118031143	185.992226192818	59.67220447761194	4.767216268656717
32	43	5.660453059846307	198.8593310714331	199.60218866292166	59.51083255813953	4.6094076744186046
33	25	4.847270525264822	183.53044264595894	181.58058751004148	59.58120400000001	4.6575248
34	153	5.915290489897863	354.49780137763594	7.444277216055809	58.76389803921569	5.419299738562091
35	44	5.856782249490909	9.192343786056597	8.982564562703317	58.44303636363637	5.3469475
36	33	5.347929659271344	30.06985709347248	15.829223029059222	59.57494848484849	6.310184242424243
37	27	5.856529938585853	26.325960247417072	36.53559567157225	59.5599074074074	6.289691111111112
38	33	3.6397696042457013	179.8093847802004	170.06215014826728	59.48098181818182	5.8844199999999995
39	62	5.0905264265799355	200.91699351479787	192.87248275785885	58.73263064516129	5.106715483870968
40	26	4.36552143725888	338.83960548206676	4.0549276439959385	59.22242307692307	5.458989615384615
41	28	4.503559146141014	4.992312332619349	340.12170089177687	59.22603928571427	5.458121071428572
42	27	5.64026507574128	7.3624154599930876	356.3814366054799	59.26372222222223	5.891763703703703
43	32	5.437954789774887	20.531574356084718	33.31883613468676	59.626346874999996	6.32364375
44	75	5.147929205750719	220.20772339138017	206.54714965223184	59.62864666666667	6.326105999999999
45	47	2.4599715914682565	187.32897326233308	213.28002963291465	59.64264468085107	6.358668723404255
46	30	4.940330580735246	169.24169238199408	165.9521228644901	59.631099999999996	5.140037666666667
47	32	5.1137691799036755	34.64918322707797	26.85172409668189	59.46688125	6.2190784375
48	39	5.537586264075026	168.95153181569606	169.24315890206924	59.43678461538462	4.658320769230769
49	34	4.693188332545409	5.54660255721825	355.3460954881298	58.409923529411756	5.995500294117647
50	132	6.5669984058115904	347.42427105682646	4.000747199431373	58.94500833333333	5.550225681818182
51	40	4.278597218325225	118.84864487478586	107.63546859846088	59.43324	5.764255
52	35	2.774630110777521	112.5347772738823	127.75108985563622	58.50946285714285	5.779274857142857
53	27	3.2279550823148604	308.92180444349106	286.8854340510818	58.50774444444445	5.78378925925926
54	31	5.299430490507407	30.394588602195654	37.804581055988024	59.29702903225807	5.9284080645161294
55	34	4.892982300323964	25.59929087406448	354.9572075744609	59.31351176470588	4.885900294117647
56	96	5.973118161599561	358.2568347900039	5.98769216061612	59.01051770833334	5.547251145833333
57	26	4.677751426612867	10.107256954492641	351.6371485031569	59.04679615384615	5.815784230769231
58	88	5.60315733565811	340.249895765829	345.7862703963523	59.21724090909092	5.0251659090909095
59	60	4.364922867546961	223.1852434618386	212.8058910794038	58.849321666666675	5.044910833333334
60	41	4.177070045476564	335.451893599308	336.2958283684832	59.140056097560986	4.717673658536587
61	115	4.754379331811222	286.36444391407923	286.40880360493145	59.07374	4.740985130434783
62	54	5.444091908516042	5.0650657383294515	355.31726816891955	58.995679629629635	5.789659629629629
63	276	5.910837117963996	354.21631542084026	2.0451404406563825	59.29744456521739	5.330751413043478
64	46	5.455077669484901	216.93375824557953	206.15465325894758	59.56127391304348	6.290071086956521
65	59	5.791090864944196	198.77150780162128	212.66478168858956	59.5759	6.310944067796609
66	27	5.431058334484648	3.6747321769931887	357.87550414889057	59.51237777777777	5.210991481481482
67	151	6.2165737088471	4.065420236225862	358.1160268156115	58.97941390728475	5.552099271523178
68	50	5.965543111181019	119.52302189730892	114.20309083876725	59.11645600000001	5.009126999999999
69	33	5.22703299092965	283.82413056885684	289.89932549925845	59.1142696969697	5.030158484848485
70	41	5.152885197606377	344.7095969452243	16.239380467520903	59.15461951219512	5.959284634146341
71	72	5.025039621168081	179.55866145852485	178.11282161893826	59.295024999999995	4.903544166666666
72	68	4.043973178273662	205.01007108613186	200.20628086617256	59.278136764705884	5.617107794117648
73	46	4.0352188070158785	30.154852830467235	36.33030692780238	59.277836956521746	5.618224347826088
74	142	6.261709234757815	358.3154499098656	8.538309272015283	59.53351549295775	5.206428732394365
75	79	5.8964974256794305	357.6216081695591	2.802500781673075	59.496386075949346	5.21361253164557
76	68	4.8089399735418485	355.9841926306526	1.9561222416144801	59.48417058823529	5.215333970588236
77	65	5.733116256052745	152.930794200396	148.57571879034788	58.49993384615385	5.496615846153847
78	27	5.410482466851463	86.46756091803616	86.35658223240375	59.00967407407408	4.874593333333333
79	35	5.513594719929785	272.2099199612107	273.46619338897364	59.025597142857144	4.835004285714286
81	37	4.939721180739575	147.64238983911855	147.25895245326507	59.07394054054054	4.874750540540541
82	175	2.3593182266166077	285.82823349791806	114.54739678134513	59.252877142857145	6.097187142857143
83	131	5.022260059229764	143.81513061852206	153.29125136736832	59.23037022900763	6.09980824427481
84	27	4.814257801374939	304.6539857182241	305.5260453828034	59.07224444444445	4.893234814814814
85	39	5.443391564880416	149.01267519613907	150.30362050223926	59.13143076923076	4.819451538461538
86	318	5.083333111069074	335.25855079327505	340.2795498108178	59.22126666666667	4.718882924528302
87	139	5.16877158854901	312.6666778647644	300.0411747605833	59.23311007194244	6.101588705035971
88	61	6.685323508275618	148.34706751085332	153.26283848968149	59.43776229508197	5.872230163934427
89	46	4.365486652366796	68.59045166881549	49.038171623270955	59.25853260869566	6.157385
91	837	4.2475175130698135	4.515149250470756	2.962344132015801	59.23775579450419	6.166467777777777
92	62	2.8781431243707316	250.15944898056	254.7158809186782	59.25944193548388	6.1599117741935485
93	79	2.1368124777233084	128.89805400244143	6.421199613568206	59.2357405063291	6.165845949367089
95	111	5.539495246376297	167.79665004685364	159.82452971133	59.2391846846847	4.700236306306307
96	44	5.5912787080435	182.973447417347	177.48073779556307	59.283795454545455	4.683534772727272
97	36	5.1922248224425696	262.784983438456	273.52912624105136	59.252813888888895	6.105496388888889
98	49	5.311061882418671	3.564502895301814	357.9661087649218	59.24448367346938	6.1666667346938775
99	54	6.064299645991462	299.89512131382037	295.69635385444246	59.24532407407407	6.134486851851853
100	81	6.004691647636371	117.80209359211074	116.49760456668201	59.24426049382716	6.133517777777778
101	27	5.896945093391027	297.2651852180447	297.56586277869826	59.24866296296297	6.115727407407409
102	31	5.180897582329033	119.7737547474527	121.73246419617658	59.01855483870968	4.938753870967742
103	45	4.581365402615317	303.7748927187182	303.3765641278378	59.030271111111105	4.9372913333333335
104	416	4.516298823310703	358.17008402891724	358.12096813252793	59.23821971153846	6.166055360576923
105	31	5.892597427158062	300.4919062208113	296.48834086359324	59.24188064516129	6.146462258064518
106	46	5.93810319531465	303.51958694560534	298.1455100415131	59.23986304347826	6.154882391304348
107	35	4.991086327164443	106.96833670738806	116.90985358936297	59.25217142857143	6.102230857142857
108	158	3.0320016088642006	114.36729904514516	114.36729904514516	59.25278860759494	6.097204493670887
110	110	5.503164626041533	297.28841893067084	287.2880532027991	59.251984545454555	6.104369363636363
111	111	5.157593080798577	316.12879025773617	299.5447747692611	59.237494594594594	6.1630504504504495
112	232	4.159997008541819	308.27701316536576	308.27701316536576	59.236362931034485	6.165438922413793
113	44	4.923178377481272	151.7565005997988	150.20006698804968	58.90278181818181	5.111879772727273
114	73	5.52806127044415	311.5438592574661	316.4865766693839	59.500482191780826	5.047645890410959
115	35	5.360331657270401	1.4674085876397953	352.7405454732964	59.24842857142856	6.165978
116	30	5.511075158163276	1.4337214991631413	352.0229576264148	59.25048666666667	6.165835666666666
117	163	3.0237264859148842	128.73994083376527	128.73994083376527	59.23607423312884	6.165547055214724
118	263	5.3909466661834395	118.1725949697477	129.04593730445106	59.238521292775665	6.159373650190115
119	70	3.4425626935980755	162.55196666542383	178.738455682025	59.25919571428571	6.161252142857143
120	883	4.5545247039256855	178.60629390589406	178.6102940237804	59.25884677236693	6.161204835787089
121	79	2.679007662596857	163.28661527062502	163.28661527062502	59.26083670886075	6.160158987341772
122	28	4.958982674289442	173.9713893806629	179.9854317773353	59.24427857142856	6.165748214285714
123	111	4.024449360957725	10.191550686974495	349.9727406198955	59.00711891891891	5.669001441441441
124	117	5.522489292171267	2.399330253131211	357.5753935207728	59.19232051282051	5.354653760683759
125	59	5.306141866235778	358.76887610042945	351.9996312356568	59.25216610169492	6.1645998305084735
126	321	5.471169067408318	352.776590660024	340.6502165166077	59.25646386292835	6.16393492211838
127	372	5.924157459490145	7.460333175762457	354.9380200277444	59.180825	5.884960860215054
128	52	5.173864223300807	3.1303542247017617	338.7459436302815	59.35315384615384	5.313363269230769
129	37	5.435718084732949	179.79659679192707	173.07814078406557	59.24888378378379	6.162114594594596
130	48	5.553122072739999	179.5962115165372	172.86555493043534	59.24759375	6.162335625
131	62	4.781071766980845	192.18452231320686	191.1016785556074	58.84833548387097	5.166869193548387
132	83	4.064535013276523	351.14010388573246	351.14010388573246	59.259045783132535	6.161777710843373
133	40	3.6358337631039688	344.49263504044035	344.49263504044035	59.25949000000001	6.1616115
134	59	6.255991441574956	354.61799582271595	22.82872353782915	59.31951186440677	4.884118983050849
135	25	4.457810992259785	172.84458082964557	172.84458082964557	59.237224000000005	6.165778
136	48	3.8050986846964485	173.15625310185874	173.15625310185874	59.23661875	6.165898333333334
137	41	8.59888811358004	2.7142781588443654	356.1733660310553	59.06722682926831	5.547991707317073
138	37	6.547339490304531	2.866499988801536	356.27511172123496	59.03803783783784	5.547569459459459
139	30	5.68484245632876	110.12712972654185	94.55502944904106	59.170193333333344	6.005592000000001
140	71	4.654552442047283	212.25286485457167	198.85725708130354	59.18050985915492	6.056132112676057
141	53	5.92322144407848	206.16391844863494	213.1591995217496	59.47119811320754	6.221754339622642
142	190	5.735065394995966	4.0334617594697875	355.2935823664978	59.435097368421054	5.229360578947369
143	34	2.6588090384688563	25.59929087406448	25.59929087406448	59.312573529411765	4.885176764705882
144	41	7.4939637511208925	51.9437060067342	74.38205503910666	59.322024390243904	4.887187317073171
145	39	6.454048319255326	23.110829123659357	53.54509114196213	59.32118974358975	4.885275897435897
146	138	4.180364162345311	131.63121453004555	132.9000146529861	59.07591376811594	5.711784057971014
147	194	5.491832467994263	346.42280023660345	4.215049580261166	59.42574639175258	5.229409381443299
148	49	5.367564262670191	29.204808996619647	29.204808996619647	58.60361836734694	5.177515714285714
149	42	5.772218401045995	21.446369311113756	21.708586293014605	58.572135714285714	5.204976666666666
150	40	6.367835959339644	200.9568663320299	200.79246871138892	58.634275	5.216578750000001
151	37	5.928278270943078	206.30160340431482	206.15324969506506	58.60958648648649	5.17381918918919
152	83	5.961466665567442	196.2938295302042	196.27496074102666	58.573589156626504	5.203799518072289
153	31	2.109321991141999	337.68339562802123	11.060283667669921	59.334683870967744	5.300469032258065
154	51	5.079591032938388	348.8770908689613	3.2269523339396073	59.346674509803925	5.313576666666667
155	28	4.698875210356376	20.704718490858056	344.5723253171304	59.12085714285714	5.774288571428571
156	25	4.913603297009704	59.700203952781976	48.479119788019375	59.42438	6.1546852
157	50	4.963906759011942	65.4463275066712	88.75271534110038	59.4054	6.0902334
158	67	4.765501895835041	82.39098688846514	58.47762705074774	59.40310746268657	6.11709552238806
159	36	5.4269039480444	33.819410951982206	52.53413118552277	59.416875000000005	6.130641111111112
160	139	4.500581492194716	159.64598483817508	169.11662496930887	59.33099136690647	6.031292661870504
161	80	2.26437423455526	169.3755580258569	168.11427508161148	59.267812500000005	5.49907075
162	44	4.275885194838092	348.64608828196526	3.7239264981311067	59.207845454545456	5.924808409090909
163	82	6.168712341370881	358.0244337664986	7.284019732597017	59.219634146341456	5.924011951219513
164	33	6.553957265332694	89.65994824472818	84.62326606257409	59.202739393939396	5.809897272727273
165	48	4.946955503731357	346.84899200881335	341.0801004852554	59.227025000000005	5.524143333333332
166	57	2.766296984853216	344.9237385669645	346.01263861072846	59.2639298245614	5.5023289473684205
167	39	2.6162744427831846	329.83667777249684	316.69909963488624	59.06956666666667	5.440210512820513
168	25	3.391602856353192	28.538059279877473	345.3127454373796	59.13582799999999	6.0316736
169	144	6.115999547847831	314.96610014631875	314.96610014631875	58.321238194444454	6.025870833333333
170	31	5.226072904289336	315.94595260067865	316.0880203552386	58.32136451612905	5.928696774193549
171	33	6.643445290465704	17.38582117588328	28.122194207653706	59.470327272727275	5.162270909090909
172	108	6.678047209881477	237.19462572265508	247.47122219783654	59.35126018518518	5.032397407407408
173	49	4.201747444746723	178.0934132604218	213.0063502267472	59.313657142857146	4.885724081632652
175	69	6.012346548073463	245.67413575288936	223.8856798516952	59.321947826086955	4.887869420289855
176	45	5.720504898817272	210.53402379174122	178.47294767991173	59.319671111111106	4.884591333333334
177	78	4.428518286853424	19.974610982077763	342.53223561270477	59.35146282051282	5.963963974358974
178	33	5.2445178026045625	313.11077272297086	313.7360553622893	58.360972727272724	5.961261515151516
179	87	5.988486034789417	186.1124845105771	184.4105797441593	58.80313218390806	5.268177931034483
180	30	5.394854457604731	272.55148721604064	281.45352606202334	58.40119333333333	5.939916333333332
181	196	5.890052722165834	53.014406386998814	57.246476018190265	59.29343418367347	5.789140255102041
182	59	5.552566634829374	186.55736799893901	197.76586553046053	58.38505254237289	5.999166949152542
183	68	2.992796396895205	353.1313182418234	349.8351996533056	58.43283235294117	5.9892835294117654
184	45	2.352679930758739	350.55006325702385	345.7549508548923	58.44723333333332	5.986035999999999
185	53	4.955849316633867	92.64972810958426	92.83619892832303	59.11297547169811	5.256719811320756
186	74	6.216502247856738	132.97749322954826	124.34958821776934	59.12194459459458	5.164118243243243
187	70	5.396624076462474	207.5403208544191	229.31585042288185	58.405704285714286	5.991099
188	26	4.90594597348474	174.17282443624754	179.9134312018092	58.41729615384615	5.993508076923076
189	85	6.062741912734314	196.04219895497337	195.77472226140176	58.72034235294118	5.264437764705883
190	43	3.996305975825098	178.06025857263455	173.73458593378223	58.430551162790685	5.98963023255814
191	67	2.4973141281211184	180.74305181188524	178.15761585139307	58.44456268656716	5.987360746268656
192	170	5.930513474588721	336.3992771033642	339.04991023536434	58.6383705882353	5.511805117647058
193	402	5.505281944817599	343.33099108128806	347.70779272050555	58.73696492537313	5.43552052238806
194	52	5.299690635310136	333.4502193532632	334.25677548137224	58.58313653846154	5.569938846153846
195	54	5.415693690672327	263.72493410967616	266.20869421659785	59.203622222222215	5.818203333333334
196	44	4.853254835145368	324.0065827818566	330.44575635747026	58.50441590909091	5.592617954545455
197	490	5.7744178904576815	322.3092129742532	326.95812608302435	58.51239081632654	5.654150959183673
198	77	5.577078563877479	310.02163028432307	312.8944384077803	58.41343116883118	5.861158311688312
199	33	5.083513958554432	315.09603871063297	317.11443302423476	58.42780606060606	5.814879696969697
200	85	6.309909411966117	154.51995375601803	146.26430097319076	59.51058235294117	5.033850470588235
201	94	4.354396709971025	15.93737667628892	350.34540838779276	59.33372234042554	5.320290744680851
202	292	5.713722198022567	2.298292379270265	352.6593071606525	59.31470753424657	5.329935308219177
203	32	4.727382021881516	108.55683364613344	98.25277210059488	59.111621875	5.581570625
204	43	4.955135150575473	101.43810855143573	113.8649052638471	59.11046279069767	5.604743023255815
206	36	4.977153595772196	314.037157673498	306.22229055969626	59.086144444444436	5.6930852777777785
207	33	4.171507625943737	322.576851956272	319.8516818986105	59.069169696969695	5.727646363636364
209	48	4.246451651383281	338.29037490687915	17.336895922003237	59.34058958333333	5.959890833333334
210	212	5.558571239736185	236.87309537776844	230.97810632342208	59.29000707547169	5.770832358490566
211	28	3.1225334779437057	73.6263536404328	69.67929534717899	59.635196428571426	5.253673928571428
213	36	3.9736268883237855	333.3421370911811	148.15439154266943	59.35326944444445	5.962675555555554
214	52	6.009348894506512	227.3304675968848	241.0065699436512	59.42562692307692	6.157241923076923
215	86	5.1852300734396515	229.16075135530332	211.69635299053547	59.417344186046535	6.130843837209301
216	87	5.3272874233801755	273.5013228807304	249.42357622490792	59.405847126436775	6.091668735632184
217	43	5.386484326127421	348.1609541927021	340.26869089567055	58.99853023255814	5.545743488372093
218	27	5.820057396021878	218.9892052610983	225.6447100613296	59.389707407407414	6.064773703703704
219	27	5.3523124586998145	274.2119518009564	290.89124628237005	59.40287037037037	6.110024444444445
220	45	5.543317120535718	208.0277208257028	234.2732306670381	59.40463333333333	6.121915777777777
221	71	4.045400151046793	147.05681993379199	134.01275295869596	59.0275028169014	5.891791408450702
222	106	4.053406863466356	49.294614152928546	49.743580360585895	59.36884056603773	6.030953867924528
223	148	4.321080000257254	243.72079272142955	235.84632261664927	59.37395337837837	6.038632027027027
224	65	2.6385252055223263	339.97810766696824	332.2416857002902	59.35300153846154	5.963138615384615
225	112	5.9224892623241905	70.05949687610064	60.28955422591616	59.348514285714295	5.982980982142856
226	38	2.7385165655987005	335.6701630394584	340.02524510394653	59.3394842105263	5.96088
227	170	6.714758694310109	238.74094451940192	248.55220526089954	59.35019705882354	5.985364705882352
228	40	4.157346155830022	46.06316004727296	29.682662335959776	58.38384	5.9940795
229	106	4.7044089280108325	185.0496783099627	174.61454837115502	59.34121226415095	5.96100179245283
230	113	4.993160253999221	61.51143196598673	40.83564662841712	59.35067345132744	5.9604596460177
231	60	6.00341520894275	66.21918130428566	73.92380202673195	59.341093333333326	5.940475166666667
232	88	5.810428295164466	254.6612513390583	246.69133892271176	59.343407954545455	5.944615681818181
233	76	4.896754546678449	319.70113822104423	334.55883730441866	59.34160657894738	5.861122236842105
234	57	2.4994412257501777	333.61518428829015	333.61518428829015	59.34435263157896	5.858164912280701
235	71	5.316844054473656	156.86085913922466	141.65037981824003	59.34198169014085	5.860454788732395
236	44	3.3604787827616236	156.8130729265498	156.8130729265498	59.34442272727272	5.85812409090909
237	49	5.495160227944588	105.72110994836527	77.48777333547423	59.33515918367347	5.876659591836734
238	90	5.978975533099438	135.72452934398098	115.40396468948381	59.336306666666665	5.871400333333333
239	30	6.78402156209004	255.10706742271412	278.20323876254656	59.33542666666667	5.878879666666665
240	79	5.410123775332814	288.8835371287621	310.7969061983739	59.33610379746832	5.8727730379746825
241	63	4.752928715204366	220.30249394509244	248.4900436391871	59.35110317460318	5.961608730158732
242	69	3.701366061433181	158.34024259282432	191.69101897209075	59.35223623188406	5.963819130434782
243	26	2.8941667940769333	150.7098471944986	150.7098471944986	59.35330384615384	5.962689615384615
244	210	5.55715408312437	138.68692345056832	138.52160431672996	58.32345714285714	6.013378952380953
245	66	4.286296546503288	305.43850082036755	315.5728758969118	58.86917575757576	6.120657272727272
247	35	5.469033013654498	135.25839294029697	134.14561795191918	58.363702857142854	5.943180285714286
248	203	4.759782999763888	316.26485123241736	323.36397877995205	58.98689359605912	5.887201674876847
249	167	6.323343450685069	158.4717791393017	156.4175901903235	58.65094850299401	5.506982395209581
250	71	5.5546617037874535	155.3287212418693	154.33836746819225	58.600214084507044	5.559302112676058
251	34	2.4338572666656737	162.66512291741367	345.0280289245605	59.025820588235284	5.615562647058825
252	188	4.188499259708681	18.093998332327317	340.5425124064669	59.02644574468085	5.616195159574469
253	269	5.584145128931721	134.9390590718366	131.56829454289397	58.41304089219331	5.847682602230484
254	151	5.014208984083358	70.29833957959818	54.826925030380664	58.403643046357615	5.976515695364239
255	54	3.7535181282031793	285.07454742248444	293.52944706196865	59.11211666666668	5.575950740740741
256	52	4.7349038507488	291.28835041941926	280.89249841714735	59.110411538461534	5.605511923076923
257	46	5.064207473159779	323.54961826975125	321.3665553246259	58.91945	6.032716086956521
258	133	5.323551007788071	315.7834381699921	310.70543239164925	58.95028195488722	5.975153684210526
259	174	3.037251477056291	25.077227768117666	349.3589740834915	58.90271954022989	6.077842873563219
260	193	5.378340593292795	147.7998834618851	139.95994700625425	58.98742331606218	5.885392901554405
262	49	5.535976280285592	136.68454319031252	129.84776146659055	58.86837959183674	6.120309591836734
263	44	2.4995617927532945	119.1425834908323	104.35313532585013	58.86006136363637	6.143288863636363
266	38	5.561138302229729	128.46966171058875	133.0300066266151	58.956068421052635	5.95779105263158
267	106	5.082515870580844	136.3082223938501	140.18357201466654	58.93395	6.004905660377358
269	30	5.576652551476	151.06645201502704	144.55248760355585	58.52253333333333	5.6450450000000005
270	77	6.6158041979762325	146.54664083160225	141.31445278766444	58.50894545454544	5.666851688311689
271	28	33.2149779326159	299.55892082695	120.21920129513148	59.14888928571428	5.568600357142857
272	39	5.971650503863022	11.084197863169948	19.338587949511066	59.129705128205146	5.869533846153847
273	62	2.9993130035886506	17.191333363206013	16.9729210551684	58.90311774193548	6.077458064516129
274	239	6.363508671493577	289.7839239841594	297.1926844688352	59.118434309623424	5.188962092050209
275	31	2.193715625729323	153.53824230920316	153.53824230920316	58.90532258064517	6.076576129032257
276	81	2.3095370573470664	66.75059143105523	66.75059143105523	58.89447901234567	6.057265925925925
277	178	3.2576551923548616	26.853462236839675	19.326780950248633	58.878060674157304	5.753231910112359
278	149	6.192570558912919	69.94511798452993	61.19596940263057	59.344830201342276	5.01127677852349
279	108	3.2382318127384386	71.58377125897528	58.57003714178853	58.89532592592594	6.061821574074073
281	101	3.4690387217333942	36.372679507485884	8.59624298857426	58.901532673267326	6.076950594059407
282	46	3.605769691159403	64.92542928365947	55.58682372388455	58.8971847826087	6.068366739130434
283	35	6.050321109787147	187.73592352372174	186.44563466909642	58.90930285714285	5.288496571428571
284	59	4.617833750797061	314.3768818096628	311.06544297213	59.02947796610169	5.885481525423729
285	204	3.8422474225052516	58.467196595348184	33.657506206691835	58.89993088235295	6.074937450980393
286	38	3.9389925987803407	58.52332816607998	58.52332816607998	58.89951842105263	6.07351447368421
287	404	3.8590898603664394	233.64539239477307	247.39921951043556	58.89583836633664	6.064641584158415
288	258	3.7256291039715737	199.93550098562994	227.93592923524554	58.901331395348834	6.076753682170543
289	57	3.8910164920036308	233.7568621468049	233.88521764720153	58.900256140350876	6.074455789473685
290	49	2.357451465676091	246.9212618251467	255.9581409806682	59.145338775510204	6.164184081632652
291	26	4.910599165946665	45.634162314297896	50.95640022355457	59.07097692307691	5.8307600000000015
292	43	2.175213086474578	84.29309841709437	86.46983988316481	59.145965116279065	6.1597711627906975
293	64	3.8344231352149256	79.30806590785272	106.18609423380633	59.0912	5.78314546875
294	64	3.5449334834126702	292.8438597290325	265.7334513783336	59.091475	5.782637187500001
295	48	5.073220437166658	327.06273388981947	314.6273737913134	59.04519583333333	5.800775416666667
296	74	5.138130266615405	320.3077204011848	300.36223259423156	59.014501351351356	5.753341891891891
297	44	4.6539291983786635	342.63116432316815	333.22482296097064	58.99667727272726	5.771095681818182
298	28	6.491232595327024	52.83282726270153	50.56173419767856	59.3652	5.066173214285714
299	25	2.5493324494862377	233.05859891889264	233.8870099169033	59.183195999999995	5.6372843999999995
300	37	3.1142580467347476	68.15767143296284	68.52934381577796	59.18188648648649	5.629421081081082
301	41	5.337263883060962	248.11247680263008	248.66544030563	59.19924634146341	5.600949756097561
302	80	5.130605371667832	216.80851785025743	212.18403206480372	59.21229875	5.634254
303	124	6.792383313680726	242.44340993873277	232.59777428207903	59.40683306451612	5.154559677419354
304	46	6.38267344770335	215.4712108028808	208.40990619073705	59.38629782608696	5.117364347826086
305	92	4.781386890038269	340.05476259708854	329.60540764903544	59.07834021739131	5.843490326086955
306	25	5.850531752575287	163.6693423655472	162.00060757615768	58.72871599999999	5.4430575999999995
307	38	4.806138480133803	21.951774872379417	35.05549905198916	59.00599736842106	5.706581578947367
308	117	5.570700775050827	25.872006730319754	20.13295593225382	58.988911111111115	5.797944017094017
309	37	4.801532078464165	37.39229508465894	26.707961211942234	59.09997297297298	5.859946756756758
310	51	4.688963583426378	27.872486677143513	16.85294318043202	58.95743529411764	5.771832156862745
311	62	2.098751127463339	45.40995888285937	43.04592229007574	58.944290322580635	5.7574906451612895
312	119	5.213898010909738	30.059767404491254	25.088573114162045	58.958529411764694	5.7960320168067225
313	68	5.702386268646598	16.75695277177465	23.267407885928037	58.933625	5.775203823529412
314	61	3.0009269636633364	61.9039089230925	42.70663913770102	59.11870327868852	5.771629672131148
316	68	5.700712571851379	116.43731888688876	111.40482892596373	59.14774117647059	5.667499558823529
317	29	5.0062320717024775	153.69840337304936	153.60241148988678	59.10607586206896	5.795790000000001
318	175	5.297745929516412	130.32656678926764	140.21984409761797	59.12502285714285	5.7685045142857145
319	67	7.041077302369529	109.38567301614	117.21221519984209	59.1369671641791	5.728990597014926
320	64	4.4329561411981135	295.5427248705875	300.943919710425	59.1490234375	5.67546453125
321	229	5.229684813429034	63.51425685727105	48.10876694049318	59.03410436681223	5.838223624454148
322	222	4.672725035982619	247.02797819187276	269.50520971087394	59.06350720720721	5.901473738738739
323	47	6.193130928324916	300.3493785262349	292.42856052318336	59.13578723404257	5.736625744680851
324	108	5.549344371888761	323.63540376467165	310.0649817386943	59.12476481481481	5.770023518518518
325	29	3.751816021303701	305.2697670473559	287.4872735565266	59.213496551724134	5.951568965517242
326	42	5.571538195285233	213.29099231139196	205.36407588563156	58.76972142857143	5.351448095238095
327	31	4.933718745797455	222.5014160621872	236.08713562837335	58.971387096774194	5.840555161290323
328	67	4.933788744543617	162.95609701912622	176.2723461136327	59.04271343283582	5.8056062686567165
329	29	2.7601263938694998	140.4455864480288	158.00349346245127	59.06853448275861	5.443953793103447
330	76	5.57758239138086	9.570546308704479	9.410148493319582	59.017759210526336	5.335737894736841
331	63	3.980820016732058	58.12701542885509	67.21561125797922	59.048660317460325	5.831896984126983
332	37	6.138233438827522	93.22564019929445	82.87340046123006	59.14454054054054	5.426396756756756
333	51	4.429086305948256	298.7006582230841	300.46765379621326	59.17242549019609	5.592349803921568
334	66	5.269500464053159	166.1145657045447	174.93499012542156	59.070646969696966	5.849714393939394
335	98	4.5676660984595125	240.8316721954066	255.95747156718596	59.13521326530612	6.074414489795918
336	62	4.169385106705264	252.31337855730402	223.5746586299185	59.14199032258064	6.088505161290322
337	188	5.464805269331734	226.6319715278045	242.56943115795949	59.03516170212766	5.838759361702128
338	128	4.512188331335463	266.1989724847043	253.9337845021434	59.050199218749995	5.831535234374999
339	83	5.358399233507682	316.80115881525245	330.04411798407517	59.147528915662654	5.976355662650603
340	31	4.988396944630943	92.21534433475955	84.72680715898122	59.142545161290315	6.115716129032257
341	64	4.7788501511541135	69.60704382755489	43.78748269890934	59.135673437499996	6.0803440625
342	55	4.8892330833754425	42.61520035424223	72.92154696149998	59.14201090909091	6.088084363636363
343	29	2.754112263298684	130.45951480825516	150.13855561074593	59.12247586206897	5.999223448275862
344	194	5.078140281051592	262.1173109980002	251.80063322777306	59.12202577319587	5.9690880412371135
345	40	5.760597004013813	57.49937108316186	65.8839604422675	59.11783749999999	5.948181
346	54	5.3997486754609545	70.46597256882376	80.76827892485346	59.124190740740744	5.974056666666667
347	26	5.8697798198469835	115.14096872076192	91.83517308622618	59.1326923076923	6.014555
348	29	5.57953543189714	77.88851710008498	56.18897970040922	59.13302758620691	6.025385862068966
349	40	4.895020353622165	56.72913594336819	25.937137557769915	59.13481	6.03031575
350	101	5.121555033245514	226.6536750659513	244.6842780005274	59.13422376237624	6.027701188118813
351	27	5.607318751214772	270.789442014079	293.1219660919184	59.13261111111111	6.016062592592592
352	211	4.981423188268313	93.98697002305198	69.6042935737392	59.063034597156395	5.901728767772512
353	108	5.636546894428277	101.79937587526712	89.68312858257161	59.15932314814814	5.93556888888889
354	30	3.497301119330484	196.0384323968957	197.0988868276202	58.901709999999994	5.756747333333334
355	97	3.4124646555560374	195.61747820937822	200.44737880330158	58.87498865979381	5.752944948453608
356	75	3.2844624879094853	53.078007219803226	39.47838398832272	59.157970666666664	5.968717333333334
357	47	5.233434693619929	111.53211489987507	76.6398016167285	59.15357234042553	5.946298723404255
358	26	5.88905660217775	67.07941244796496	78.99605782637099	59.1559923076923	5.957313846153847
359	197	4.344361578059049	35.2373717745005	46.42391791358472	59.08751472081217	5.8871070050761425
360	139	4.960398515001991	324.122158159359	305.4816445441011	59.11983165467626	5.859185683453238
361	79	5.3450713496757984	133.16364499007113	115.15767938399046	59.10121772151897	5.8801224050632905
362	118	4.415021989509232	132.8523901601501	150.18785233406584	59.118110169491516	5.859642627118644
363	61	5.464178632895072	257.8596561469536	290.6363593549636	59.15364098360656	5.946481967213114
364	31	2.697946265240509	27.47040505699931	353.5176189618103	59.20658064516128	5.926585806451614
365	57	5.690636471643263	305.3502454489666	300.08331569805074	59.16027719298246	5.929472631578947
366	69	3.6924358694132886	185.77947961739343	202.24475586439632	59.16024927536232	5.947371739130435
367	105	4.681129494285597	196.63103123711127	184.7567337333965	59.15529904761905	5.968935047619048
368	28	5.510557793575276	257.2712362875983	245.07270158207152	59.1563642857143	5.958062857142856
369	38	5.56063545934322	33.7331370595748	15.520557206049034	59.24940263157894	5.888161315789474
370	153	4.900993255070855	288.5916277563656	308.25678488154836	59.101375163398686	5.881770522875817
371	53	6.273353082729362	196.32613306605268	209.1933727763067	59.25178867924529	5.89015320754717
372	74	4.4994645494595575	221.73412363591638	204.6779422428007	59.086822972972975	5.886405270270271
373	40	2.0982282747684473	301.67488304282057	293.80942816680954	59.09014	5.90120225
378	61	6.153609466291441	300.65927294272666	296.9778158573056	59.61270163934426	5.274860491803279
379	94	6.097243956530857	301.27095996202513	297.9129049751808	59.60910531914894	5.289277872340425
380	129	3.12904912994693	332.2240675910605	332.2240675910605	59.59904496124031	5.317305426356588
382	132	2.2032795979759783	13.423723117844077	8.983444379034381	59.205983333333336	5.926091590909092
385	354	5.663414149801408	305.41818926328546	302.1158136738216	59.6027988700565	5.3118238135593225
386	82	4.883152465236033	333.2601192034579	310.8280556589147	59.60188048780486	5.314072682926829
388	37	6.4736397139514565	170.95079435810976	164.5978004251997	59.1451945945946	5.892080540540541
389	601	4.707136460144208	331.01649623510315	347.1133976372781	59.14071247920133	5.895409001663893
390	171	2.6680457952222123	319.7903765128315	319.7903765128315	59.13771578947368	5.8988929824561405
391	83	4.6981046733972	119.53298094901623	138.84949381745844	59.0140578313253	5.752678915662651
392	72	4.448372854555831	160.56320337474426	172.54102336915776	58.992605555555556	5.773719027777777
393	31	4.69076878791784	163.22473158767048	150.08885384202313	59.003032258064515	5.763086451612903
394	293	6.10818335928192	298.3277000423918	276.267433590598	59.61624675767917	5.258386040955631
395	47	4.48021434525836	228.13042793102818	228.13042793102818	59.610678723404256	5.238924680851065
396	64	2.485704526601325	217.08617189230904	217.08617189230904	59.609139062500006	5.2372371875
397	78	6.208593769079135	170.2493336185879	161.56064569602222	59.14183076923078	5.894278076923077
398	86	4.593881159554172	163.3451502437515	142.9349058966353	59.139291860465114	5.896110581395349
400	233	5.717674335579207	103.11080755688306	88.38120764180314	59.222880257510724	5.888693690987124
401	114	4.701954601417994	233.8917640790269	219.49831391165904	59.61217807017544	5.241506140350877
402	144	5.2812716816704794	161.44048283937298	344.0577282544393	59.140833333333326	5.590045763888889
403	1177	5.6217294709255565	11.998235860433965	342.91206772279696	59.14211622769755	5.590604103653357
404	51	5.573607505624854	78.53694912560815	70.69327526004366	59.22478823529413	5.908454705882354
405	59	6.362425508509401	256.644018106169	275.25831822104567	59.22351694915254	5.896167457627119
406	76	6.179825869280367	276.504432600445	288.26248706008437	59.22378684210527	5.887878157894737
408	100	5.8743228736894455	274.72462457894164	249.30740178435633	59.616358	5.2536311
409	260	6.169226586447855	28.48217750065504	50.22956718155547	59.22911	5.928028807692307
410	220	6.167097024449483	4.505933636917405	27.42763564537148	59.226453636363644	5.925606636363637
411	93	5.756109324027184	253.34076826002956	235.09358849152073	59.61565806451612	5.250033763440861
412	29	6.043386375027567	244.3981568727632	231.88417125246377	59.614651724137936	5.24705724137931
414	44	5.797700906331729	72.0122763679642	61.42350091579925	59.22719772727273	5.920357045454546
415	67	3.558450665689493	247.81599274209754	204.46819053509827	59.24247164179105	5.886680298507462
417	27	6.009118165305956	165.33808307160666	166.41882133419085	59.20819999999999	5.8706381481481476
418	42	5.964268020314455	42.36279150061864	36.2161024780097	59.1451523809524	5.519168095238095
419	132	6.072199422224766	126.94170659673034	95.31761574504498	59.229474242424246	5.922921666666666
420	127	6.554861404191296	142.70102655199003	127.33425178237576	59.23087716535432	5.918846929133859
421	29	5.712620735952524	31.602192544416482	28.305644415396785	59.18409655172414	5.896742758620689
422	38	5.966362775099564	31.174991931672196	26.951214505869984	59.18966842105262	5.902629999999999
423	156	5.846710109864078	186.00598413916225	181.37883956126032	59.21346346153845	5.924939230769231
425	161	5.392054036806366	249.01858984631988	222.94123663313164	59.24115652173913	5.877568633540372
426	94	4.788273152815466	288.2686249853505	253.5351868769567	59.24204680851062	5.88162574468085
430	285	2.023894299552038	42.57973192932752	42.57973192932752	59.2339807017544	5.937612210526316
431	249	5.554603019351017	209.161518110183	186.15435457346086	59.2277626506024	5.926891686746988
432	272	5.4929075081179	230.6358505946078	208.82798840459662	59.22943639705882	5.928480992647058
433	402	6.35349332828611	185.5864763523538	177.05889752025064	58.76493109452736	5.426915298507463
434	83	5.5723632079356955	309.9340111171451	297.4229005106778	59.44148313253013	5.196765180722891
435	78	5.22705430919359	273.7037079573269	316.3450351624924	59.22963846153847	5.9257226923076916
436	29	5.062196860199655	303.82779625623493	319.499756885475	59.23038620689654	5.9238775862068955
437	111	5.73624372213454	94.70004563384407	67.82925583299306	59.229404504504494	5.926748468468469
438	90	5.514602397018951	277.0523125114724	251.82666005346374	59.24332888888888	5.890592333333334
439	168	6.140574015253668	303.526413925898	283.82025473788957	59.242710714285714	5.898012559523809
440	148	2.021352279413568	182.4503041931469	182.4503041931469	59.20583445945946	5.925366081081081
442	396	5.7178914934771905	45.733317702683394	45.729058811210734	59.672976515151504	5.375862929292928
443	631	2.134829543089114	185.91923106996097	14.726081079477183	59.1391557844691	5.589532329635499
444	100	4.659408346819998	21.64187283105781	3.266005094778052	59.140881	5.590631199999999
445	30	5.9272660640531045	349.0540180827603	352.35487252105344	59.15638666666666	5.887490333333333
447	90	5.361457256473604	265.4438513411422	246.04455490954646	59.14975	5.606961666666667
448	282	2.626378443944418	229.23797856629983	229.25451618025357	59.23378226950354	5.93768634751773
449	87	6.551937483442214	347.46470612694395	342.90699978600975	59.20813908045977	5.874048045977011
450	99	2.120932959475372	101.15370127418669	92.9049199564434	59.240477777777784	5.88472797979798
451	90	6.351723690061215	178.06176883567332	189.68503700080882	59.21077111111111	5.530192888888889
452	122	5.689430193795815	211.456143007602	207.35112277533102	59.195035245901636	5.905840081967213
453	97	5.858950220887944	240.92420932982338	240.06296513608987	59.045606185567	5.169000618556701
454	94	3.1554938266917283	236.94736010462955	236.94736010462955	59.22890957446808	5.855979042553193
455	122	5.408817581132192	221.9147350436925	237.27014475635542	59.230544262295076	5.860468278688525
457	505	5.280643052000568	338.825289638988	322.74390003333497	59.225525148514855	5.860923306930693
458	26	4.900124665220552	245.31668081895322	231.7509061283007	58.963596153846154	5.811338461538463
459	114	5.176402768519462	224.74066704398518	238.15525435235253	59.23145175438596	5.933211578947368
460	235	4.379512939677247	49.89548831231593	45.908129285439486	59.22933319148936	5.857386893617021
461	92	4.300854885937661	28.84015823561697	66.66047450598035	59.24229347826086	5.886767717391303
462	218	6.193685300799884	43.11821281483162	67.97788948603181	59.24036467889908	5.875646926605505
463	126	5.112511594992587	69.37709406057348	102.13348502041316	59.24099603174603	5.878784365079365
464	147	5.734330406618901	5.3939418063174	5.3939418063174	59.140480952380955	5.590420408163265
465	235	2.938547438177671	18.51308500830902	18.51308500830902	59.13847617021277	5.5890141702127645
466	55	6.252205820896731	63.188578860366874	77.87863643289967	59.24234909090909	5.882419454545453
467	434	4.360946679216907	139.47823410327783	161.25133565074816	59.22691566820276	5.859109562211981
468	45	5.97832830087309	233.43078786695725	252.21628132655027	59.22963333333334	5.9283284444444435
469	25	5.97688219031178	236.87412833697272	268.4304599243641	59.22967200000001	5.9283692
470	129	3.744049305963193	22.787088619576537	17.5661015214431	59.02506356589148	5.615783643410852
471	147	3.0510926969745737	122.13424055955005	122.13424055955005	59.17012585034015	5.879493129251701
472	201	2.901058203859212	120.04667887472715	120.04667887472715	59.22864975124378	5.85582343283582
473	30	4.664563019570053	131.92012907423538	112.15049484138791	59.227236666666656	5.8589709999999995
474	45	2.5580000560664975	342.1543489107117	342.1543489107117	59.20569777777777	5.925476222222223
475	31	2.3145742919721477	358.4057509657229	358.4057509657229	59.20607096774192	5.925888387096774
476	200	6.488431622243739	51.11454674446168	59.19309283017168	59.39971450000001	5.139395449999999
477	76	5.561533851604435	194.89404779858472	203.76874605957715	58.95765657894738	5.79196105263158
478	81	6.32573053095752	354.10248299535016	347.5917682619269	59.19242469135801	5.881287037037037
479	42	6.001334598107015	356.72728697306104	350.5119587469629	59.1864261904762	5.883175476190475
480	68	5.067968173923004	205.12183959049545	197.81489619016727	58.93386029411765	5.773436470588235
483	27	7.87071528737021	30.621968625750867	33.7611298378921	59.55565555555555	5.220061481481482
484	399	6.805404850779567	13.468455278045212	25.22496949224336	59.54245162907268	5.209375939849624
485	36	5.551368684762775	65.20413688569971	50.592307798794536	59.23041666666667	5.930856944444445
486	196	4.403318363992506	53.28176062114255	37.07081221897943	59.232269897959185	5.935117551020407
487	67	4.692429373528811	190.59075178190625	202.05612586810682	58.95887910447762	5.771612537313432
488	31	2.3913663160808722	215.91619618796923	220.47880440239328	58.94543225806452	5.759812580645162
489	127	5.833802546362813	71.66331255005957	95.95165058622473	59.24319448818899	5.890481653543306
490	280	5.555362670559758	10.87847055504227	20.429471448179868	59.52543607142857	5.2172665714285715
491	41	5.264180360448491	3.3967790999589624	7.794670647282771	59.509402439024385	5.214502439024391
492	210	4.928535368935361	154.19092326120028	170.0690043931686	59.16805095238096	5.882762238095237
493	138	4.057610130496976	124.32211769838085	157.41128526913076	59.16936449275363	5.8816392753623195
494	27	5.774082934213016	165.8214991723247	171.08615888513123	59.1929185185185	5.879908888888888
495	56	3.123878269357978	94.47012461900766	139.78388345067287	59.206787500000004	5.923875357142857
496	55	3.399495639701027	251.47471847661745	245.8440468489732	58.97405272727272	5.746844181818182
497	131	6.390163938114526	28.243231462817107	46.493968921573355	59.204738931297705	5.9160527480916025
498	117	6.044127537227022	96.34867285896775	118.27989041101796	59.24301282051281	5.895655641025639
499	107	6.003540638252968	119.21997409581422	141.18526769733296	59.24182990654205	5.900497196261682
500	102	5.602056961882106	193.3970098115328	204.62404205545238	58.9887725490196	5.797144313725489
501	205	5.653021282179399	20.307834426496527	27.41256173803015	59.55380195121951	5.235756195121951
502	104	4.824883999489058	26.154434320649386	17.571185460771858	59.541670192307684	5.2289325
503	80	5.7290024695666615	45.807134557550285	71.49501129829491	59.206292499999996	5.918902
504	45	4.584727244527013	63.95394501969389	97.34816026871192	59.20688000000001	5.921247333333333
505	168	5.970126671675269	247.65601063919632	252.39142837945593	59.06569821428572	5.22997369047619
506	27	5.175771302990245	33.57229513121422	33.535878448763924	59.5903037037037	5.266629629629629
507	64	3.766044767491975	338.0863874168988	291.8542833288008	59.2068140625	5.924423750000001
508	53	5.4910466019174065	32.55958808896736	32.84898062008034	59.60100566037735	5.27791358490566
509	104	4.942462430080685	32.67489029830955	31.415002343827894	59.61524519230768	5.294832788461538
510	113	2.8049021099034546	67.98287153269376	67.98287153269376	59.17029026548673	5.87907663716814
511	40	3.6993218748783065	45.830381629053136	45.830381629053136	59.170435	5.8802632500000005
512	35	5.541770538055742	30.868507754286497	37.8733597575295	58.77193714285715	5.359548857142857
514	187	5.187320370029393	228.37297089048383	210.596127463956	59.2053871657754	5.917541764705882
515	28	5.325035458258178	8.679918884903202	5.748011208237415	59.13797857142857	5.353181071428572
516	57	5.593029990207098	9.17411753056507	3.270936578109115	59.157317543859655	5.355004736842106
517	125	4.606374595870777	260.3959439265872	227.64504187617962	59.2067952	5.9201450399999995
518	53	4.28251058389997	300.8900530189193	262.0043572485768	59.20710566037734	5.922671132075473
519	53	5.630016540902616	7.0917897785150785	7.885038908730962	59.10977735849057	5.3502796226415095
520	81	4.742646344458283	32.39641812361208	11.18108794764646	59.17237530864198	5.883141234567901
521	33	5.995259694354209	168.260429771924	175.41502991781192	59.18581818181818	5.8832860606060615
522	117	4.1433313490257495	339.845158365338	314.460872649677	59.168782051282044	5.882349316239316
523	145	5.5741646324073235	350.779349869895	338.3071599798351	59.16673310344828	5.884169793103448
524	44	4.738736649776109	44.87657919298215	30.82353766191261	59.172081818181816	5.883569318181818
525	53	3.5513831756656935	66.76997089456654	35.67248324451111	59.17090566037736	5.881853773584907
526	26	8.43010672337469	21.80766058893522	26.931212991976906	58.77575384615385	5.436104615384616
527	64	6.969021630387646	12.19487895043926	22.553994471777685	58.7684546875	5.430953125
528	228	5.932130144695417	33.84683023860117	41.898584572502386	59.643767543859646	5.32551745614035
529	32	6.2652366901861285	40.47800284728322	45.24458285022877	59.650465624999995	5.335575625000001
530	32	5.962368390404883	28.07325930861606	30.631770450461374	58.810471875	5.463080937500001
531	202	4.730834296909309	134.343911672287	134.343911672287	59.60235297029703	5.313423762376238
532	97	2.4123286771435186	151.47031326713056	151.47031326713056	59.599323711340205	5.317158865979382
533	214	2.2974751730924403	26.444739389492554	21.368004570721325	59.00239859813084	5.667715794392524
534	294	5.825506886823813	119.0448499198759	132.88337063001063	59.60482619047618	5.307884421768708
535	74	4.796329165839646	132.79167497645727	150.41472825342595	59.60313918918919	5.312503243243244
536	60	3.5422832250022442	67.32371676072074	76.4966455238332	58.97373	5.7471906666666674
537	103	5.7335037647828235	268.830466997667	257.2801203351752	59.03228252427184	5.748169514563107
538	114	5.824059846259453	290.6989057274073	278.66457006235987	59.0321649122807	5.776339473684209
540	92	2.1530156201149775	230.33767442852513	230.33767442852513	59.17033695652173	5.879852065217392
541	280	5.717926204217865	90.651435675735	116.76298108764473	59.616212499999996	5.257561178571429
542	44	5.02890591221053	47.41762811550342	47.41762811550342	59.61042272727272	5.238554772727273
543	86	3.2333669051831113	36.521236748127365	36.521236748127365	59.60922790697675	5.237173837209301
544	36	6.292439430220431	172.83851776308722	182.66240440330031	59.180283333333335	5.884276388888889
545	36	5.674728047212586	238.3578500424597	242.2206408552732	59.08478888888889	5.295088333333334
546	32	3.16422611428018	219.02640196457713	252.95558957139906	59.1707	5.881585937500001
547	83	5.018641897733536	132.12518245745923	138.7567324697995	59.4408	5.1985836144578315
548	121	6.04719631410444	69.13627960430335	91.66103244341105	59.616143801652896	5.253567272727273
549	41	6.412081802524426	207.87460247064547	216.58716995815877	59.17458536585366	5.887158292682927
550	210	5.875887048552468	52.4864211863175	67.29389807889743	59.61455619047619	5.247194
551	70	5.167431347827299	35.440235595074	51.72538802976129	59.61141571428572	5.2399685714285695
552	59	4.397514738999864	206.7679307902382	229.89284989948013	59.17147796610169	5.882575593220339
553	104	5.949712727236066	183.75139393613398	198.42537788201142	59.17562403846154	5.884063846153846
554	225	2.137915327994074	193.7406754448751	193.7406754448751	59.138604	5.589230088888889
555	50	6.139066023316462	348.24432527946624	348.24432527946624	59.141352	5.59049
556	30	5.781198422312849	356.000014055473	356.000014055473	59.141000000000005	5.590562000000001
557	25	4.365172603099422	172.9811250311003	172.9811250311003	59.14013600000001	5.5901404
558	66	5.3143594475807125	70.6833300859704	66.225993668424	59.031724242424254	5.187309393939394
559	193	5.562122800494709	66.53011397331278	64.7112363547148	59.04461968911917	5.233070518134714
560	33	5.422092263558312	63.16346531514387	62.75407118850478	59.06476666666667	5.303271515151515
561	31	4.916899334621969	63.89454339320264	63.0076559399256	59.05665161290322	5.277458709677421
562	26	6.0336891580312475	174.31825869134695	176.78130395204107	59.052646153846155	5.534175384615385
563	27	5.530598625079644	146.33456452570692	146.33456452570692	59.14135185185185	5.589872962962963
564	154	5.199558011945818	158.65076147104116	158.65076147104116	59.140787012987005	5.590119675324675
565	48	5.855204016473267	250.8820804852629	247.48849542714092	59.101954166666665	5.365088958333334
566	132	5.506120299090627	215.84912849625852	206.02954462261565	58.805811363636366	5.410897803030302
567	47	5.939208052007139	189.4948498829337	191.82938470738267	59.10922553191491	5.327601914893617
568	226	5.48022046158583	133.95267063046845	122.00177754936146	59.202404424778756	5.490333362831858
569	27	6.902744228983109	125.90450576583135	125.15341116286953	59.12575555555555	5.425143703703704
570	270	3.1060611377331706	84.05545638488888	84.05545638488888	59.17112222222223	5.4555297037037045
571	92	2.7108363015439734	67.70352028612018	67.70352028612018	59.17140326086957	5.454669891304348
572	170	5.7652116834856635	80.13157429299861	90.60089166725811	59.03204999999999	5.747484764705883
573	129	5.757525975366024	102.73008437787746	116.25219568626358	59.03128992248062	5.775968217054264
574	40	5.950644780835579	357.0637143052527	356.2368342808187	59.20356	5.354065749999999
575	85	6.062699744507456	357.3474890995036	356.78690182211454	59.2225094117647	5.3496055294117655
576	94	5.18413959708826	331.10498106905777	321.3554456820419	59.235092553191485	5.447350319148936
577	144	5.694775581141306	202.10172697559497	195.2585102168763	59.078511805555564	5.322597916666667
578	109	4.853504040083218	272.6716574377749	264.0713154934617	59.24860550458716	5.392520917431194
579	109	5.02889966274305	349.96599126543725	332.6586394357066	59.22643577981652	5.4578266972477065
580	169	4.405580944550777	330.26835628518586	344.646649806389	59.22039171597633	5.46108449704142
581	48	5.714055698683897	188.5109481881925	187.43662518605066	59.04396666666668	5.314357083333333
582	74	5.773039916017217	187.21451413336524	181.26614941972917	59.021527027027034	5.311657297297297
583	38	7.365666314702812	119.32821761134187	116.60807834062928	59.165368421052634	5.485589736842106
584	55	5.37489101349112	322.36576067463636	313.1263704196837	59.24298363636363	5.43415327272727
585	193	5.4940937645819	353.9835925853008	357.85541103206526	59.292748704663204	5.332536994818652
586	86	5.225012035746303	289.67957247075447	274.69153638029877	59.24849767441862	5.416694534883721
587	50	4.871995205287251	312.35231835988435	292.0155257456361	59.247352	5.4234762
588	86	6.298000938640033	71.32410208889235	65.0770494396329	59.41385697674418	5.193848372093023
589	53	5.050434290558722	325.3868696793034	316.11480699325386	59.00224716981132	5.689605471698113
590	39	4.709837188839257	315.4138951979229	324.211374821527	59.20654102564102	5.481176666666667
591	27	4.505190796891776	308.8701933666567	316.7712316457068	59.20241481481483	5.48976
592	27	7.162952462884072	119.29297669944765	116.55136363214564	59.16443703703704	5.489587037037037
593	43	4.120647589652432	132.57131199314767	139.98832074830358	59.00108837209302	5.687159069767442
594	37	5.554823923724117	186.79380419068113	190.59188815261697	59.12992432432433	5.332466216216217
595	31	8.885516987587923	125.15110914663427	120.26025918797143	59.13208387096774	5.391438387096773
596	144	6.1756392768321415	356.909950615385	353.72661560240886	59.270045833333334	5.339676388888889
597	37	3.639409391595273	320.2844402798062	330.84659490477014	58.98900000000001	5.7079289189189195
598	61	2.5536208735321635	331.04797165356604	326.8225192625693	58.97905737704918	5.722798688524589
599	40	3.4496855763681302	145.01226011776015	143.2086285312978	58.989782500000004	5.706356
600	57	2.2781791754152185	145.19026809473183	145.69844790101865	58.978914035087726	5.723134912280702
601	383	6.190320949147791	226.16675643029126	226.1265601648247	59.67299007832898	5.367084412532638
602	92	5.186999771559497	84.42205589776268	92.9647637554105	59.2484	5.392268478260869
603	75	7.411174870513789	117.26721183099096	113.73486532883919	59.15104533333335	5.545361333333333
604	34	5.001074386680252	62.937615920088774	66.37282984800856	59.088129411764704	5.38305294117647
605	116	5.1670835534443125	49.76632143899121	51.55472759726189	59.07654310344828	5.3495546551724145
606	105	5.154208359203588	169.0986786314461	151.4350375491207	59.22116095238094	5.459994095238096
607	31	5.59034749096358	252.16107266480748	247.40111867091628	59.11156129032258	5.408453870967741
608	32	5.995520185560172	47.3690686872323	50.73971286823041	58.815365625000005	5.4313784375
609	115	5.7279323412366345	33.56935607524605	43.708596403016486	58.801390434782604	5.410464608695651
610	126	7.420947697527411	119.67293596549041	116.8637887611705	59.16218333333333	5.4979106349206335
611	51	5.544574161747775	302.1632985965275	307.01252008040746	59.13203137254902	5.423507450980392
612	52	4.940287167140913	141.12789397228204	151.11976389849485	59.234169230769226	5.448632499999999
613	103	4.666399059953468	153.776030103101	170.01675531536523	59.22641941747573	5.457579417475728
614	30	8.338254208584983	303.57232294189856	309.9846248898877	59.13587333333333	5.402569666666667
615	121	7.0904026965150555	115.56215558728167	111.05089319827368	59.14626033057852	5.568518512396693
616	54	6.9846635325753255	116.12471416282682	113.11061692553096	59.14923333333332	5.555280185185184
617	35	7.428275225556323	115.81522111357032	112.3954217248916	59.14792	5.560847142857143
618	61	5.271867253746401	94.47738881230498	109.59554283334415	59.24835081967212	5.416275245901639
619	42	5.068926814765572	110.95022346654758	132.36186985838435	59.2473119047619	5.422341666666666
620	51	5.123821312705241	262.70538228873454	271.70573310415944	59.24673333333333	5.371632352941176
621	87	5.126297055012089	269.32085931743507	283.73261852819394	59.24659540229887	5.36094287356322
622	38	7.299631111052233	119.10356062064346	116.43297590398402	59.15974736842105	5.50832394736842
623	28	7.191927659321705	119.01981820564185	115.62186656095872	59.15862142857143	5.513188928571429
624	53	4.6241141393202385	338.17519923964875	352.19710912283364	59.25168679245284	5.345976981132075
625	142	5.296242706638797	291.6368881824331	315.99773612924173	59.24782253521127	5.351671056338029
626	78	7.167410580996768	117.83258715145104	114.69224186731407	59.15305128205129	5.5381057692307705
627	67	6.720971406017099	244.01224001349993	251.87561062461953	59.415508955223885	5.200207462686566
628	25	4.205059591745237	67.91761887286839	105.06929529941749	59.172152000000004	5.4578236
629	89	5.770843323053494	199.6422988022624	199.50566641821163	58.899261797752814	5.528293258426967
630	83	5.118191791970916	205.97380494844856	198.91298297586866	59.555060240963876	5.235153614457832
631	75	5.716938442209501	196.88435017064668	206.26691137706604	59.54190266666666	5.2281576
632	53	7.154758086277743	297.7760780337411	294.81831076334834	59.16274339622641	5.5180613207547164
633	120	4.885861002092288	68.032544928481	70.03542851265195	59.105001666666666	5.447802583333333
634	136	5.82263584282296	227.17071075250354	217.82300940368498	58.84975441176471	5.484234632352941
635	169	6.3618113738585516	211.84516843225725	212.9202061744932	59.593710059171606	5.259512485207101
636	31	5.956279486228196	309.66834354128997	318.91314604023717	59.148212903225804	5.379209354838709
637	380	6.632794558266711	331.52936678077845	344.3239404717501	59.157750526315795	5.364712368421053
638	32	5.8780786071938556	11.93535309029204	18.63347610540046	59.02065	5.55272125
639	55	5.8201736705280664	3.2968643303514114	11.869054240137814	59.00893636363636	5.549868727272728
640	25	4.90403078112196	49.257938058355535	48.63562631310867	58.83018800000001	5.465304799999999
641	36	7.409678747600195	118.60929868838474	115.39592784666752	59.15721666666665	5.518834444444444
642	85	7.320702509550384	118.297060425192	115.13232637955542	59.15577764705881	5.525051411764705
643	38	7.695887842993231	118.0566474417978	114.66732586936246	59.15441842105264	5.531224210526315
644	82	5.551124658254456	214.1308774625927	212.04304392009107	59.62166951219512	5.291709512195122
645	118	7.27490661658798	297.06147063232197	293.8746704591915	59.16459999999999	5.510133898305084
646	32	8.91406643488261	163.71537577491677	172.36771818312536	59.0782375	5.530958125
647	50	6.339628884886004	5.840334766125352	4.620199243048603	58.95528800000001	5.550202799999999
648	42	5.344244078656069	5.683841182294145	2.378425495236513	58.966397619047626	5.551348571428572
649	550	5.92906572304756	222.54812779542164	216.04724244089167	59.64675454545454	5.321527036363636
650	36	5.553418228877126	215.5236699062442	211.92921990867922	59.63061944444444	5.300078611111111
651	26	5.628665802706296	148.2491015485823	145.181856404609	59.06685384615385	5.5543130769230755
652	50	7.23276712280176	317.64338153873723	331.8097040059672	58.937104	5.556599000000001
653	54	7.485920301167357	330.6789487893939	345.7675847058427	58.94062407407408	5.552426666666666
654	47	7.6920629949312875	183.56241866104648	180.22006639003155	59.17494893617022	5.33690744680851
655	462	6.758725041078569	168.19394790094452	154.86442309785946	59.15822077922078	5.342300649350649
656	648	6.522269004983652	108.52615851336748	118.70171644704317	59.17077947530864	5.4646020216049385
657	422	4.962855100522154	85.76037577218847	109.78884854013091	59.17143744075829	5.460097843601896
660	97	6.024821556626833	294.82453195674873	286.0617888948635	59.120358762886596	5.459358247422681
661	36	7.173252447196008	296.59668454940754	293.0906009602948	59.16618333333333	5.503721944444445
662	46	7.22109067496631	338.33854624407934	336.4362863016344	59.074163043478265	5.5541406521739125
663	31	7.269454727457329	30.61711009742055	36.316086038652315	58.8299064516129	5.482471935483871
664	35	7.816008499011661	154.9606607185201	161.30323464331252	59.085591428571426	5.52671142857143
665	62	5.9917572257759595	186.78004232575927	197.55604203453964	58.92900806451613	5.5449904838709685
666	45	5.202112128402448	144.6327696975104	138.67953357643523	59.05319777777779	5.57335311111111
667	53	5.662538272383391	184.05438806514104	180.21595441710613	59.00745094339623	5.545593018867924
668	108	7.089606001946906	177.15862815526452	181.8070288382191	58.99106851851851	5.546936481481482
669	101	5.862848023166804	179.8351435895778	183.66696682882304	58.97714158415841	5.548160297029703
670	197	5.924809910035725	354.44857530747225	357.5457887358062	59.479101522842626	5.216090609137057
671	30	7.293708099858557	301.7464668032953	298.0144050901606	59.151106666666664	5.5670480000000016
672	25	8.63839733071236	183.02827037383736	179.44167960603932	58.95124800000001	5.547741599999999
673	28	6.586364032805942	199.93879199615287	210.52258924706504	58.86484285714287	5.508955
674	74	6.261575655921828	204.47452479532825	221.82581424271297	58.86107297297297	5.505370405405406
675	83	7.11403966320647	180.0492963342701	165.35004537662098	58.94576867469879	5.54846843373494
676	62	7.570051025223171	164.655319821018	150.21868456761547	58.94171612903225	5.55108564516129
677	71	7.05081392106229	150.59625804440293	137.50416429684458	58.937687323943656	5.555868591549296
678	35	6.473735610137156	181.70527396699745	183.16383163627228	59.230557142857144	5.338678571428571
679	64	5.5192558524648705	182.07947940534274	184.2247656475916	59.213745312499995	5.339165937500001
680	31	7.393082738829536	296.44626593279435	292.4820583918883	59.167222580645166	5.499331612903226
681	72	6.754278715588496	96.01725734235822	93.68275567382545	59.04496388888889	5.532762083333334
682	49	8.289817380747309	304.8941854880526	299.87650689396	59.109538775510195	5.498694897959183
683	229	3.5173874083149332	280.4769711082586	302.70628683016554	58.92646288209607	5.582521746724891
684	39	7.502640854175501	296.13217364113734	291.81362623025467	59.167607692307705	5.495457692307693
685	58	6.8657622250295764	95.86891879388048	94.79868877835719	59.04606896551724	5.497370862068966
686	81	6.750559793554114	95.19712375276492	95.77702214030484	59.046697530864186	5.478784567901235
688	44	5.3562623249049075	15.734612982158467	14.87779370580023	58.90624772727272	5.539302500000001
689	43	5.421557152067538	16.403676700263873	15.104974830125627	58.8927558139535	5.5336841860465125
690	127	7.326846303377589	299.8943566738508	296.2826805811096	59.1565779527559	5.545630157480317
691	42	7.286933373354692	300.724931109289	297.318922119077	59.15363095238096	5.556997380952382
692	34	7.178167827302839	300.87522568180003	297.60028380605735	59.15210294117646	5.562723529411765
693	56	5.640157397508552	12.661109154848987	6.315188387045225	58.930414285714285	5.547981071428572
694	57	3.6873998492289717	134.58006015316676	147.89020950640452	59.01303157894736	5.660867543859649
695	60	3.0894229275267096	150.82399675834193	167.38585853681423	59.009665000000005	5.6651275000000005
696	26	5.481532885045567	156.77242391978507	193.25330554713216	59.14118846153846	5.590147307692307
697	96	4.905035393240446	171.3233219482562	197.43073858623706	59.14047916666667	5.590203020833333
698	31	5.208601830012729	355.83472572178056	354.49482533996235	59.45514516129032	5.224003870967741
699	71	5.972349578942021	12.811630817848368	27.840224041613567	59.03987323943664	5.551101971830985
700	47	5.873608167827868	118.61489459102825	108.49152584327373	59.022012765957435	5.652816382978725
701	36	5.137465220346581	206.55070628084957	199.34292303881767	58.92069444444444	5.540563611111112
702	42	2.1868115539982407	353.9829468864265	353.9829468864265	58.92172142857141	5.583775952380953
704	81	6.734930686495006	357.63142524717347	354.0946712255714	59.43682345679012	5.228196419753086
705	26	6.025191976452401	357.0575201811769	354.9946603284508	59.44359615384615	5.226510769230769
706	45	5.523521987917426	18.443924771783827	15.419336061031515	58.872975555555556	5.525000444444444
707	710	5.341530115122528	36.04948991365916	24.064105243738823	58.857668732394366	5.515982718309859
708	53	5.915744784841816	134.61255047863597	147.46172719874357	59.09825471698114	5.511526981132075
709	25	8.394902043750866	143.54594086055909	152.74069424288268	59.0954	5.5158396000000005
710	31	5.184615540238034	226.46602549624913	208.6501929844411	58.92596129032259	5.5460529032258075
711	58	5.339949831095017	249.303728013844	232.23778413523996	58.92906379310345	5.552265
712	108	7.3694037170573266	297.86941947531056	294.90379539536207	59.161423148148145	5.524626018518518
713	33	8.086616201296158	338.52229993770794	329.3319003546607	59.09511818181819	5.530408181818181
714	40	5.709571707765836	125.07801113953258	125.07801113953258	59.0548225	5.4229797500000005
715	74	3.6696769259072592	138.71769440852358	138.71769440852358	59.056812162162174	5.41952527027027
716	30	6.157318878974981	107.44808846014826	92.80511230635744	59.02070666666666	5.664395333333332
717	30	5.5735475655226505	88.66003137233798	77.52358700007642	59.02080666666667	5.675344
718	36	4.78359538553329	262.54465239401543	243.60600153451628	59.03972777777777	5.577569722222222
719	107	4.885519726328204	140.33940715153017	125.33328816092859	59.05454112149533	5.423601962616824
720	67	4.828669435066615	330.85960609501575	314.6021080912833	58.92574328358209	5.580891194029851
721	66	4.078153104950732	354.1298362960595	331.5606485285473	58.92352727272727	5.583550303030304
722	208	5.100762971362997	340.851289560531	324.86837347554064	59.01234423076923	5.665039711538461
723	72	4.8549166862131345	287.920048952917	263.40576129731704	58.93115	5.565333333333333
724	160	4.904991803864865	309.24052387848604	289.63973694328297	58.930491874999994	5.570570125000001
725	94	7.410897430558253	299.0518748486046	295.4751957026746	59.15888191489363	5.535095319148937
726	33	7.00562780350852	299.09071192930526	296.05147118067015	59.1574606060606	5.539704545454546
727	58	5.68165784272809	224.5872090473844	207.24702400186595	59.043055172413794	5.551884310344828
728	80	5.349067487029436	130.6360491986137	127.43223529765316	59.02866	5.626503
729	33	2.7361100507435303	30.838178239620106	62.40594744429853	59.412924242424246	5.254424545454545
730	53	7.085968242312344	318.4598876253407	305.7448640458445	59.41873396226414	5.231454528301887
731	61	2.172462395290088	215.7895068388449	215.7895068388449	59.4125606557377	5.25469475409836
732	53	2.6532892027880046	326.82989459571917	338.74319598910813	59.33238679245283	5.3110039622641505
733	49	6.501109826522344	304.9811131554277	282.4688121896203	59.42076734693877	5.224935306122449
734	42	6.215007447298536	282.16617540590545	251.04861512914079	59.42106428571428	5.220653571428571
735	26	6.101196233033341	259.1505665768025	244.07054842007005	59.420738461538456	5.218467307692308
736	84	4.68552681004209	223.12668451189464	270.85038542787265	59.410716666666694	5.252091071428572
737	36	5.423593886993932	28.95623513182852	41.57638213623767	59.03385833333334	5.565554722222222
738	170	5.207628474145482	318.2552036814173	325.15182897486164	59.04720823529412	5.595650823529413
739	389	5.407226169712348	346.2015448539638	356.26638399466776	59.34438766066839	5.314701105398458
740	37	4.283730251859228	168.72118473354612	145.14712485845655	59.33219459459458	5.310854054054055
742	204	5.616309195412122	305.6288151599795	312.67495708474326	59.02952499999999	5.63174205882353
743	240	5.474505016730254	273.75807750945853	285.9591986747637	59.02165	5.667579458333334
744	44	3.214921752807136	133.36737940545453	124.4083006829365	59.336004545454536	5.289790909090909
745	608	6.703151831177002	113.49408974127186	129.5815159164669	59.14368848684211	5.585424078947369
746	465	6.143265829425655	127.44658178417274	155.24931884822888	59.14251741935484	5.588546172043011
747	59	5.964597646740849	326.15307094345667	309.30266898593857	59.10161016949153	5.52187779661017
748	25	7.186413699732355	327.4519244582542	313.9374362545712	59.099524	5.524759599999999
749	349	5.720803981942959	356.4411187555973	336.1729967184335	59.35366303724928	5.312512550143266
750	97	6.198953313195705	340.3467945845223	331.0785421954008	59.35632474226804	5.310223298969072
751	56	4.998116756181126	330.10229341235	338.3348150260945	59.361758928571426	5.303200892857142
752	440	5.173157769958611	335.29162864066967	351.300352963709	59.36555818181818	5.2997741590909095
753	36	5.320017656825934	286.0397571455759	311.35590493347576	59.411038888888896	5.247299444444446
755	95	6.891371406297862	275.10629691196607	275.7711977630135	59.04637052631579	5.511306105263158
757	259	6.839753887360866	276.21816012742227	271.6076439824241	59.04729652509653	5.479408108108108
758	443	6.179020420342849	181.16656899232538	175.60570747438783	59.29543408577878	5.329374808126412
759	34	6.2551597581216765	183.81626208582	180.47768646486537	59.525744117647065	5.204782647058823
760	34	4.660332779016147	115.5882641892328	97.45399190811281	59.330973529411764	5.309562941176471
761	70	3.812374928679482	164.3012655947657	138.05327227359265	59.333995714285706	5.298968714285715
762	143	3.5230267223359983	126.68767833337574	105.00370018506783	58.92655104895104	5.580703006993007
763	40	4.160667243749302	140.89606971133963	118.27859284684831	58.924865	5.58020025
764	111	5.090435964114186	202.76983215450966	192.50876330788984	59.527199099099114	5.216986756756756
765	282	6.117000521308937	356.09540213864574	347.97778136398716	59.319855673758866	5.328105567375887
766	48	4.488998517507062	85.13707790992737	53.035887635259996	59.33097708333333	5.317249166666667
767	25	4.074040498692643	42.919392869538	6.49525756914943	59.33228400000001	5.3197448
768	43	5.409613089131146	351.1483852947082	346.5187634341143	59.327297674418595	5.324983720930233
769	54	5.993395979641493	350.16066510832877	344.81154834638096	59.33131111111111	5.323317222222223
770	84	5.083650911465218	63.62945602702115	85.2433269007762	59.03987380952381	5.578100833333334
771	32	5.630345799809891	179.42555468364094	182.0761299264168	59.249312499999995	5.338243125
772	106	4.163543092606906	313.57077439956623	313.57077439956623	59.05617641509434	5.4206583018867915
773	234	6.810177794219826	109.50396588768166	96.03109685683785	59.047215384615384	5.453408974358974
774	115	5.615271909370596	183.49343548066284	180.51194406295906	59.51239478260869	5.206410956521738
775	26	6.8843530324227	126.03239117402416	119.0894729255275	59.05146153846154	5.432949615384616
776	25	5.971469615958119	319.3851873239564	313.6871609617123	59.405227999999994	5.259653599999999
777	25	8.254832375103788	212.8415510744883	206.88626938042498	59.55768399999999	5.2138192000000005
778	147	5.529649801023522	341.6660387618672	356.1694809729047	59.42406734693876	5.230290408163266
779	127	7.006083838838423	118.84658082508815	107.99980130071282	59.04836377952755	5.445428346456692
780	33	6.837918911861595	123.76478481354195	115.00811501877183	59.04990909090909	5.438499696969696
781	48	6.905602945232341	277.2902660291786	275.28590345124366	59.04578541666666	5.537575416666667
782	25	5.57743960954876	320.7107847878781	315.16031523903115	59.403108	5.2636136
783	29	9.082315942409151	187.62303593788505	178.7208041747109	59.53244827586207	5.20023103448276
784	29	7.215549355467976	279.04511700657366	275.1732988903026	59.04589999999999	5.550408620689654
785	64	5.072840060106837	114.5711362104854	98.20827415747243	59.2470140625	5.35538296875
786	62	5.0156648717565995	93.26188611736268	84.288684629442	59.246682258064524	5.367959677419354
787	113	6.1223962615161085	16.819917476072476	28.760652292539362	58.92407699115044	5.5469802654867255
788	409	5.354779464731349	317.3211538963598	329.59140341514717	59.413984841075795	5.240302591687042
789	240	5.618516515593628	330.3580269975163	341.10796494251645	59.41809875	5.234921749999999
790	228	2.2518398908005093	262.23200023142954	262.23200023142954	59.17125219298245	5.455878289473683
792	37	6.870245855567216	22.292654278148007	40.74423558245252	58.92742162162161	5.548942162162162
793	97	6.324764091151396	305.16763811976523	319.3581187734796	59.05440206185567	5.424079587628867
794	88	2.660404615964094	304.07121318486816	325.2235905473192	59.3333284090909	5.300239659090908
795	44	5.6942572932184765	173.80429637394263	172.4814467627167	59.457375	5.218809318181819
796	29	6.396190042270407	56.87338070845118	75.89442272439317	58.93056206896552	5.555989999999999
797	88	2.8028853172873416	190.81646183574418	190.81646183574418	59.024842045454555	5.614988181818182
798	55	3.872202033821329	82.31425313225282	30.211761583389546	59.410498181818184	5.252031636363636
799	216	6.55248766797544	199.7437161815	187.6327398814231	59.542460185185185	5.205049675925925
800	43	7.661224904955326	209.96684119259288	199.9506224531679	59.55027674418603	5.207160232558139
801	135	5.749760876506246	175.55155691697792	180.79818456752656	59.27092666666667	5.335790222222222
802	25	6.456089751338249	176.76502335073553	181.8456492362642	59.265592	5.336647200000001
803	44	5.8980696388523715	75.42897041328251	94.0368497844247	58.93130681818183	5.560750454545455
804	35	5.166241417488394	143.7143472749044	153.1087643838813	59.42437999999999	5.227264857142857
805	46	4.104852180756806	229.7721258776755	269.06396078657554	59.33084782608694	5.316321304347826
806	30	3.8153939294725934	268.3478709776338	293.7184854276501	59.33070333333334	5.312234333333333
807	58	5.82466125426208	175.55497459617368	172.33991882257988	59.468431034482755	5.214932413793104
808	64	6.1684125000618515	124.7498872627342	139.99893378361156	59.418620312499996	5.2313221875
809	53	6.286112239459343	102.47807557303372	124.16400909107335	59.42064716981132	5.224843962264152
810	131	5.793507527562104	150.09256023863884	160.2470432797054	59.35629389312978	5.309733358778626
811	389	5.410862245332721	156.3910776258117	176.90116928831276	59.35375861182519	5.3118233161953725
812	341	5.54839657638236	172.97659526365794	179.77085231036142	59.43496744868036	5.227478269794722
813	58	6.614186335505921	72.5653766677213	101.70908115726354	59.42098620689654	5.220893620689655
814	38	7.246558324092463	63.60464517591538	76.4279359156476	59.42036052631579	5.216793684210526
815	40	5.211954787615383	91.85635658289021	114.50841198520425	58.9312025	5.565592
816	144	4.1738827436719586	110.5384634509333	131.59079497171774	58.930003472222225	5.571107638888888
817	54	6.401070888356423	157.6192413145676	148.93951614412447	59.36220925925926	5.301662777777778
818	50	6.145753217291837	180.4748231233243	176.11855972780666	59.49155600000001	5.2089818
819	170	6.755305494133661	178.67259938883865	173.21237211703294	59.47951588235294	5.210837000000001
820	28	4.54819983881785	348.30632065081824	348.30632065081824	59.02591071428571	5.61596
821	54	5.764252404091844	177.94182474939998	167.8126527755793	59.368225925925934	5.297301481481481
822	346	5.836404945203371	172.49320361605123	154.65850263184075	59.365602312138726	5.299017745664741
823	287	6.8019842581244	273.13300431948505	289.19910255257577	59.04701916376307	5.455896271777003
824	49	5.239308755096153	129.65012282171705	103.75410708462243	59.410551020408164	5.247778367346939
825	104	6.639053539638502	286.51699341959943	296.70413386011285	59.048193269230765	5.447117692307693
826	178	6.634840487113528	294.4357206097375	304.95593019730643	59.05056797752809	5.436154775280898
827	79	5.4340943373151305	335.42487739931767	327.6073299579811	59.389594936708875	5.284896075949367
828	45	6.008656027502395	331.3864564446605	324.830802245898	59.39328666666668	5.280033555555556
829	44	4.747150972265093	184.89846603550507	223.91580112909912	59.332218181818185	5.3188225
830	50	5.899804586758052	327.8595372723322	318.80851650220603	59.397420000000004	5.273651999999999
831	55	5.825332276736141	325.4392581272007	316.82055275044536	59.399738181818186	5.269823454545454
832	39	6.740729667959798	117.42754785095508	125.91582209040718	59.04232051282052	5.580398717948718
833	458	5.808321699400759	177.14362451304657	168.0124800098556	59.344808733624454	5.313694301310044
834	74	4.929702345648183	167.77026065764198	179.19851184601453	59.334512162162156	5.3193954054054045
835	250	6.707790495632644	99.0972177668989	120.5289458550468	59.0444832	5.57090192
836	38	6.966698505513329	93.77061443577605	103.33056206289535	59.0452552631579	5.5627181578947384
837	170	6.929231566569554	300.16799338173996	279.03624395513646	59.04398117647058	5.575403411764706
838	83	7.163754649226999	310.2781295616942	299.64407128667006	59.040775903614445	5.587773975903613
839	281	7.077574534245771	321.40334501882563	308.5955671486373	59.03531103202848	5.6018960142348755
840	191	5.067154918230756	146.81752687205983	153.4989817685804	59.3898785340314	5.283070052356021
841	226	5.51803428851735	351.85230335870193	342.95765011004704	59.37852345132743	5.294580088495575
842	67	5.804725318842551	344.5500149851497	334.82256857982316	59.382831343283584	5.2915749253731335
843	126	5.106296523464029	347.9976153991431	323.54900861304304	59.02740555555557	5.6152074603174595
844	63	5.441884297800945	324.41062300250434	324.26834787501946	59.02714126984126	5.615056031746031
845	40	5.338737111063894	136.4379154771608	141.6541439784363	59.403030000000015	5.26223375
846	196	6.687509693517745	126.8706956502374	139.85184917839194	59.034282653061226	5.603402602040818
847	63	4.824941825803997	137.39000405354318	145.8874945922836	59.39955079365079	5.268926031746032
848	57	5.1749891694184855	140.1052905761531	148.41314745997806	59.39716140350877	5.272812807017544
849	160	6.334406485384545	175.47024530949898	161.90170731130547	59.423411874999985	5.229589
850	169	5.35600740034121	169.68181524865668	177.74374660608203	59.31819289940829	5.327013609467455
851	143	5.80683455374375	175.61691851855062	181.75695088654146	59.31174615384616	5.3284137062937065
852	54	5.283964954816976	165.3695518125853	197.06288030882268	59.0262037037037	5.615538148148148
853	27	6.59250958572144	142.44174769306665	142.44174769306665	59.02828148148148	5.613828888888889
854	220	4.962203358402166	154.17678519231674	165.7108411956217	59.382079090909095	5.291673681818183
855	314	5.149655210037659	165.94640054036745	174.77978548910005	59.375332802547774	5.295801815286624
856	27	6.7835058394259935	137.92543573725413	150.23569018685248	59.03019999999999	5.611457777777777
857	57	6.5661374973921385	144.24876904321764	164.86471391962448	59.02802456140351	5.61425701754386
858	591	7.256822664974151	294.099909246214	284.9199591615489	59.170666328257205	5.478039052453469
859	373	5.818513216211891	148.05133733062746	137.39697694879987	59.41378739946381	5.2400471045576404
860	474	7.242030765304891	317.5926386028751	301.32597825892105	59.14583122362869	5.585534894514767
861	60	6.052964970261103	159.66573594440922	149.1107594896182	59.41858	5.233479666666667
862	25	6.139753899880204	157.20631346651112	146.91092653594268	59.417396	5.2347752000000005
863	232	6.815815551517651	343.25052318726824	318.7944389391871	59.143874568965515	5.5891301724137925
864	36	6.589930628325009	356.4606422610468	332.9530979425982	59.14293333333334	5.590186666666667
865	265	7.02312550261657	284.7656558906434	270.9299393159747	59.171803396226416	5.46690316981132
866	248	5.616928326209787	276.05994688769135	260.69022984259135	59.17189193548387	5.461423387096774
80	85	1.1732678633028386	0	0	59.2355	6.1662132142857145
90	153	1.7988736543538	0	0	59.260344444444435	6.160593071895424
109	170	1.9783524590984254	0	0	59.25293352941176	6.0972294117647055
174	45	1.9587971954020253	0	0	59.312737777777784	4.884785333333334
205	319	1.7503361652263667	0	0	59.137864634146354	5.898534939024391
208	80	1.8430660333263524	0	0	59.0566825	5.419744249999999
212	29	1.0484821335238368	0	0	59.34440344827588	5.858174827586207
246	39	1.9005859121544226	0	0	58.8614564102564	6.145526666666667
261	342	1.5052559339646683	0	0	58.905026923076925	6.076794711538462
265	485	1.7064805809436159	0	0	58.89466730769231	6.058820432692307
315	85	1.7136512693727486	0	0	59.02481647058824	5.615062
374	255	1.39054145832318	0	0	59.23445	5.93807
376	315	1.2636112635228438	0	0	59.20559848484849	5.925620606060606
381	224	1.5885415166977612	0	0	59.22869183673469	5.855976530612246
399	215	1.8613818291371207	0	0	59.2410140625	5.88563265625
375	269	1.5834107841842924	0	0	59.23381200000001	5.938150599999999
427	603	1.5008357954143805	0	0	59.17036888888889	5.88018688888889
429	977	1.8129740740497369	0	0	59.171350945378144	5.4562759663865545
658	136	1.6533042904934838	0	0	58.925265517241385	5.595772413793103
687	53	1.6455977926563143	0	0	59.002686792452835	5.667023207547169
703	35	1.5797368051984695	0	0	58.919551428571424	5.585280857142858
741	43	1.6956908694645676	0	0	59.3372930232558	5.308987441860465
756	43	1.8734468723176076	0	0	58.92420697674418	5.5827688372093025
